# Cycle, ((Average number_of_molecules(Ib,Tm), Tm=1,N_MolType), Ib=1,N_Box)
    501000   0.5000000000E+002   0.5000000000E+002   0.0000000000E+000
    502000   0.5000000000E+002   0.5000000000E+002   0.0000000000E+000
    503000   0.5000000000E+002   0.5000000000E+002   0.0000000000E+000
    504000   0.5000000000E+002   0.5000000000E+002   0.0000000000E+000
    505000   0.5000000000E+002   0.5000000000E+002   0.0000000000E+000
    506000   0.5000000000E+002   0.5000000000E+002   0.0000000000E+000
    507000   0.5000000000E+002   0.5000000000E+002   0.0000000000E+000
    508000   0.5000000000E+002   0.5000000000E+002   0.0000000000E+000
    509000   0.5000000000E+002   0.5000000000E+002   0.0000000000E+000
    510000   0.5000000000E+002   0.5000000000E+002   0.0000000000E+000
    511000   0.5000000000E+002   0.5000000000E+002   0.0000000000E+000
    512000   0.5000000000E+002   0.5000000000E+002   0.0000000000E+000
    513000   0.5000000000E+002   0.5000000000E+002   0.0000000000E+000
    514000   0.5000000000E+002   0.5000000000E+002   0.0000000000E+000
    515000   0.5000000000E+002   0.5000000000E+002   0.0000000000E+000
    516000   0.5000000000E+002   0.5000000000E+002   0.0000000000E+000
    517000   0.5000000000E+002   0.5000000000E+002   0.0000000000E+000
    518000   0.5000000000E+002   0.5000000000E+002   0.0000000000E+000
    519000   0.5000000000E+002   0.5000000000E+002   0.0000000000E+000
    520000   0.5000000000E+002   0.5000000000E+002   0.0000000000E+000
    521000   0.5000000000E+002   0.5000000000E+002   0.0000000000E+000
    522000   0.5000000000E+002   0.5000000000E+002   0.0000000000E+000
    523000   0.5000000000E+002   0.5000000000E+002   0.0000000000E+000
    524000   0.5000000000E+002   0.5000000000E+002   0.0000000000E+000
    525000   0.5000000000E+002   0.5000000000E+002   0.0000000000E+000
    526000   0.5000000000E+002   0.5000000000E+002   0.0000000000E+000
    527000   0.5000000000E+002   0.5000000000E+002   0.0000000000E+000
    528000   0.5000000000E+002   0.5000000000E+002   0.0000000000E+000
    529000   0.5000000000E+002   0.5000000000E+002   0.0000000000E+000
    530000   0.5000000000E+002   0.5000000000E+002   0.0000000000E+000
    531000   0.5000000000E+002   0.5000000000E+002   0.0000000000E+000
    532000   0.5000000000E+002   0.5000000000E+002   0.0000000000E+000
    533000   0.5000000000E+002   0.5000000000E+002   0.0000000000E+000
    534000   0.5000000000E+002   0.5000000000E+002   0.0000000000E+000
    535000   0.5000000000E+002   0.5000000000E+002   0.0000000000E+000
    536000   0.5000000000E+002   0.5000000000E+002   0.0000000000E+000
    537000   0.5000000000E+002   0.5000000000E+002   0.0000000000E+000
    538000   0.5000000000E+002   0.5000000000E+002   0.0000000000E+000
    539000   0.5000000000E+002   0.5000000000E+002   0.0000000000E+000
    540000   0.5000000000E+002   0.5000000000E+002   0.0000000000E+000
    541000   0.5000000000E+002   0.5000000000E+002   0.0000000000E+000
    542000   0.5000000000E+002   0.5000000000E+002   0.0000000000E+000
    543000   0.5000000000E+002   0.5000000000E+002   0.0000000000E+000
    544000   0.5000000000E+002   0.5000000000E+002   0.0000000000E+000
    545000   0.5000000000E+002   0.5000000000E+002   0.0000000000E+000
    546000   0.5000000000E+002   0.5000000000E+002   0.0000000000E+000
    547000   0.5000000000E+002   0.5000000000E+002   0.0000000000E+000
    548000   0.5000000000E+002   0.5000000000E+002   0.0000000000E+000
    549000   0.5000000000E+002   0.5000000000E+002   0.0000000000E+000
    550000   0.5000000000E+002   0.5000000000E+002   0.0000000000E+000
    551000   0.5000000000E+002   0.5000000000E+002   0.0000000000E+000
    552000   0.5000000000E+002   0.5000000000E+002   0.0000000000E+000
    553000   0.5000000000E+002   0.5000000000E+002   0.0000000000E+000
    554000   0.5000000000E+002   0.5000000000E+002   0.0000000000E+000
    555000   0.5000000000E+002   0.5000000000E+002   0.0000000000E+000
    556000   0.5000000000E+002   0.5000000000E+002   0.0000000000E+000
    557000   0.5000000000E+002   0.5000000000E+002   0.0000000000E+000
    558000   0.5000000000E+002   0.5000000000E+002   0.0000000000E+000
    559000   0.5000000000E+002   0.5000000000E+002   0.0000000000E+000
    560000   0.5000000000E+002   0.5000000000E+002   0.0000000000E+000
    561000   0.5000000000E+002   0.5000000000E+002   0.0000000000E+000
    562000   0.5000000000E+002   0.5000000000E+002   0.0000000000E+000
    563000   0.5000000000E+002   0.5000000000E+002   0.0000000000E+000
    564000   0.5000000000E+002   0.5000000000E+002   0.0000000000E+000
    565000   0.5000000000E+002   0.5000000000E+002   0.0000000000E+000
    566000   0.5000000000E+002   0.5000000000E+002   0.0000000000E+000
    567000   0.5000000000E+002   0.5000000000E+002   0.0000000000E+000
    568000   0.5000000000E+002   0.5000000000E+002   0.0000000000E+000
    569000   0.5000000000E+002   0.5000000000E+002   0.0000000000E+000
    570000   0.5000000000E+002   0.5000000000E+002   0.0000000000E+000
    571000   0.5000000000E+002   0.5000000000E+002   0.0000000000E+000
    572000   0.5000000000E+002   0.5000000000E+002   0.0000000000E+000
    573000   0.5000000000E+002   0.5000000000E+002   0.0000000000E+000
    574000   0.5000000000E+002   0.5000000000E+002   0.0000000000E+000
    575000   0.5000000000E+002   0.5000000000E+002   0.0000000000E+000
    576000   0.5000000000E+002   0.5000000000E+002   0.0000000000E+000
    577000   0.5000000000E+002   0.5000000000E+002   0.0000000000E+000
    578000   0.5000000000E+002   0.5000000000E+002   0.0000000000E+000
    579000   0.5000000000E+002   0.5000000000E+002   0.0000000000E+000
    580000   0.5000000000E+002   0.5000000000E+002   0.0000000000E+000
    581000   0.5000000000E+002   0.5000000000E+002   0.0000000000E+000
    582000   0.5000000000E+002   0.5000000000E+002   0.0000000000E+000
    583000   0.5000000000E+002   0.5000000000E+002   0.0000000000E+000
    584000   0.5000000000E+002   0.5000000000E+002   0.0000000000E+000
    585000   0.5000000000E+002   0.5000000000E+002   0.0000000000E+000
    586000   0.5000000000E+002   0.5000000000E+002   0.0000000000E+000
    587000   0.5000000000E+002   0.5000000000E+002   0.0000000000E+000
    588000   0.5000000000E+002   0.5000000000E+002   0.0000000000E+000
    589000   0.5000000000E+002   0.5000000000E+002   0.0000000000E+000
    590000   0.5000000000E+002   0.5000000000E+002   0.0000000000E+000
    591000   0.5000000000E+002   0.5000000000E+002   0.0000000000E+000
    592000   0.5000000000E+002   0.5000000000E+002   0.0000000000E+000
    593000   0.5000000000E+002   0.5000000000E+002   0.0000000000E+000
    594000   0.5000000000E+002   0.5000000000E+002   0.0000000000E+000
    595000   0.5000000000E+002   0.5000000000E+002   0.0000000000E+000
    596000   0.5000000000E+002   0.5000000000E+002   0.0000000000E+000
    597000   0.5000000000E+002   0.5000000000E+002   0.0000000000E+000
    598000   0.5000000000E+002   0.5000000000E+002   0.0000000000E+000
    599000   0.5000000000E+002   0.5000000000E+002   0.0000000000E+000
    600000   0.5000000000E+002   0.5000000000E+002   0.0000000000E+000
    601000   0.5000000000E+002   0.5000000000E+002   0.0000000000E+000
    602000   0.5000000000E+002   0.5000000000E+002   0.0000000000E+000
    603000   0.5000000000E+002   0.5000000000E+002   0.0000000000E+000
    604000   0.5000000000E+002   0.5000000000E+002   0.0000000000E+000
    605000   0.5000000000E+002   0.5000000000E+002   0.0000000000E+000
    606000   0.5000000000E+002   0.5000000000E+002   0.0000000000E+000
    607000   0.5000000000E+002   0.5000000000E+002   0.0000000000E+000
    608000   0.5000000000E+002   0.5000000000E+002   0.0000000000E+000
    609000   0.5000000000E+002   0.5000000000E+002   0.0000000000E+000
    610000   0.5000000000E+002   0.5000000000E+002   0.0000000000E+000
    611000   0.5000000000E+002   0.5000000000E+002   0.0000000000E+000
    612000   0.5000000000E+002   0.5000000000E+002   0.0000000000E+000
    613000   0.5000000000E+002   0.5000000000E+002   0.0000000000E+000
    614000   0.5000000000E+002   0.5000000000E+002   0.0000000000E+000
    615000   0.5000000000E+002   0.5000000000E+002   0.0000000000E+000
    616000   0.5000000000E+002   0.5000000000E+002   0.0000000000E+000
    617000   0.5000000000E+002   0.5000000000E+002   0.0000000000E+000
    618000   0.5000000000E+002   0.5000000000E+002   0.0000000000E+000
    619000   0.5000000000E+002   0.5000000000E+002   0.0000000000E+000
    620000   0.5000000000E+002   0.5000000000E+002   0.0000000000E+000
    621000   0.5000000000E+002   0.5000000000E+002   0.0000000000E+000
    622000   0.5000000000E+002   0.5000000000E+002   0.0000000000E+000
    623000   0.5000000000E+002   0.5000000000E+002   0.0000000000E+000
    624000   0.5000000000E+002   0.5000000000E+002   0.0000000000E+000
    625000   0.5000000000E+002   0.5000000000E+002   0.0000000000E+000
    626000   0.5000000000E+002   0.5000000000E+002   0.0000000000E+000
    627000   0.5000000000E+002   0.5000000000E+002   0.0000000000E+000
    628000   0.5000000000E+002   0.5000000000E+002   0.0000000000E+000
    629000   0.5000000000E+002   0.5000000000E+002   0.0000000000E+000
    630000   0.5000000000E+002   0.5000000000E+002   0.0000000000E+000
    631000   0.5000000000E+002   0.5000000000E+002   0.0000000000E+000
    632000   0.5000000000E+002   0.5000000000E+002   0.0000000000E+000
    633000   0.5000000000E+002   0.5000000000E+002   0.0000000000E+000
    634000   0.5000000000E+002   0.5000000000E+002   0.0000000000E+000
    635000   0.5000000000E+002   0.5000000000E+002   0.0000000000E+000
    636000   0.5000000000E+002   0.5000000000E+002   0.0000000000E+000
    637000   0.5000000000E+002   0.5000000000E+002   0.0000000000E+000
    638000   0.5000000000E+002   0.5000000000E+002   0.0000000000E+000
    639000   0.5000000000E+002   0.5000000000E+002   0.0000000000E+000
    640000   0.5000000000E+002   0.5000000000E+002   0.0000000000E+000
    641000   0.5000000000E+002   0.5000000000E+002   0.0000000000E+000
    642000   0.5000000000E+002   0.5000000000E+002   0.0000000000E+000
    643000   0.5000000000E+002   0.5000000000E+002   0.0000000000E+000
    644000   0.5000000000E+002   0.5000000000E+002   0.0000000000E+000
    645000   0.5000000000E+002   0.5000000000E+002   0.0000000000E+000
    646000   0.5000000000E+002   0.5000000000E+002   0.0000000000E+000
    647000   0.5000000000E+002   0.5000000000E+002   0.0000000000E+000
    648000   0.5000000000E+002   0.5000000000E+002   0.0000000000E+000
    649000   0.5000000000E+002   0.5000000000E+002   0.0000000000E+000
    650000   0.5000000000E+002   0.5000000000E+002   0.0000000000E+000
    651000   0.5000000000E+002   0.5000000000E+002   0.0000000000E+000
    652000   0.5000000000E+002   0.5000000000E+002   0.0000000000E+000
    653000   0.5000000000E+002   0.5000000000E+002   0.0000000000E+000
    654000   0.5000000000E+002   0.5000000000E+002   0.0000000000E+000
    655000   0.5000000000E+002   0.5000000000E+002   0.0000000000E+000
    656000   0.5000000000E+002   0.5000000000E+002   0.0000000000E+000
    657000   0.5000000000E+002   0.5000000000E+002   0.0000000000E+000
    658000   0.5000000000E+002   0.5000000000E+002   0.0000000000E+000
    659000   0.5000000000E+002   0.5000000000E+002   0.0000000000E+000
    660000   0.5000000000E+002   0.5000000000E+002   0.0000000000E+000
    661000   0.5000000000E+002   0.5000000000E+002   0.0000000000E+000
    662000   0.5000000000E+002   0.5000000000E+002   0.0000000000E+000
    663000   0.5000000000E+002   0.5000000000E+002   0.0000000000E+000
    664000   0.5000000000E+002   0.5000000000E+002   0.0000000000E+000
    665000   0.5000000000E+002   0.5000000000E+002   0.0000000000E+000
    666000   0.5000000000E+002   0.5000000000E+002   0.0000000000E+000
    667000   0.5000000000E+002   0.5000000000E+002   0.0000000000E+000
    668000   0.5000000000E+002   0.5000000000E+002   0.0000000000E+000
    669000   0.5000000000E+002   0.5000000000E+002   0.0000000000E+000
    670000   0.5000000000E+002   0.5000000000E+002   0.0000000000E+000
    671000   0.5000000000E+002   0.5000000000E+002   0.0000000000E+000
    672000   0.5000000000E+002   0.5000000000E+002   0.0000000000E+000
    673000   0.5000000000E+002   0.5000000000E+002   0.0000000000E+000
    674000   0.5000000000E+002   0.5000000000E+002   0.0000000000E+000
    675000   0.5000000000E+002   0.5000000000E+002   0.0000000000E+000
    676000   0.5000000000E+002   0.5000000000E+002   0.0000000000E+000
    677000   0.5000000000E+002   0.5000000000E+002   0.0000000000E+000
    678000   0.5000000000E+002   0.5000000000E+002   0.0000000000E+000
    679000   0.5000000000E+002   0.5000000000E+002   0.0000000000E+000
    680000   0.5000000000E+002   0.5000000000E+002   0.0000000000E+000
    681000   0.5000000000E+002   0.5000000000E+002   0.0000000000E+000
    682000   0.5000000000E+002   0.5000000000E+002   0.0000000000E+000
    683000   0.5000000000E+002   0.5000000000E+002   0.0000000000E+000
    684000   0.5000000000E+002   0.5000000000E+002   0.0000000000E+000
    685000   0.5000000000E+002   0.5000000000E+002   0.0000000000E+000
    686000   0.5000000000E+002   0.5000000000E+002   0.0000000000E+000
    687000   0.5000000000E+002   0.5000000000E+002   0.0000000000E+000
    688000   0.5000000000E+002   0.5000000000E+002   0.0000000000E+000
    689000   0.5000000000E+002   0.5000000000E+002   0.0000000000E+000
    690000   0.5000000000E+002   0.5000000000E+002   0.0000000000E+000
    691000   0.5000000000E+002   0.5000000000E+002   0.0000000000E+000
    692000   0.5000000000E+002   0.5000000000E+002   0.0000000000E+000
    693000   0.5000000000E+002   0.5000000000E+002   0.0000000000E+000
    694000   0.5000000000E+002   0.5000000000E+002   0.0000000000E+000
    695000   0.5000000000E+002   0.5000000000E+002   0.0000000000E+000
    696000   0.5000000000E+002   0.5000000000E+002   0.0000000000E+000
    697000   0.5000000000E+002   0.5000000000E+002   0.0000000000E+000
    698000   0.5000000000E+002   0.5000000000E+002   0.0000000000E+000
    699000   0.5000000000E+002   0.5000000000E+002   0.0000000000E+000
    700000   0.5000000000E+002   0.5000000000E+002   0.0000000000E+000
    701000   0.5000000000E+002   0.5000000000E+002   0.0000000000E+000
    702000   0.5000000000E+002   0.5000000000E+002   0.0000000000E+000
    703000   0.5000000000E+002   0.5000000000E+002   0.0000000000E+000
    704000   0.5000000000E+002   0.5000000000E+002   0.0000000000E+000
    705000   0.5000000000E+002   0.5000000000E+002   0.0000000000E+000
    706000   0.5000000000E+002   0.5000000000E+002   0.0000000000E+000
    707000   0.5000000000E+002   0.5000000000E+002   0.0000000000E+000
    708000   0.5000000000E+002   0.5000000000E+002   0.0000000000E+000
    709000   0.5000000000E+002   0.5000000000E+002   0.0000000000E+000
    710000   0.5000000000E+002   0.5000000000E+002   0.0000000000E+000
    711000   0.5000000000E+002   0.5000000000E+002   0.0000000000E+000
    712000   0.5000000000E+002   0.5000000000E+002   0.0000000000E+000
    713000   0.5000000000E+002   0.5000000000E+002   0.0000000000E+000
    714000   0.5000000000E+002   0.5000000000E+002   0.0000000000E+000
    715000   0.5000000000E+002   0.5000000000E+002   0.0000000000E+000
    716000   0.5000000000E+002   0.5000000000E+002   0.0000000000E+000
    717000   0.5000000000E+002   0.5000000000E+002   0.0000000000E+000
    718000   0.5000000000E+002   0.5000000000E+002   0.0000000000E+000
    719000   0.5000000000E+002   0.5000000000E+002   0.0000000000E+000
    720000   0.5000000000E+002   0.5000000000E+002   0.0000000000E+000
    721000   0.5000000000E+002   0.5000000000E+002   0.0000000000E+000
    722000   0.5000000000E+002   0.5000000000E+002   0.0000000000E+000
    723000   0.5000000000E+002   0.5000000000E+002   0.0000000000E+000
    724000   0.5000000000E+002   0.5000000000E+002   0.0000000000E+000
    725000   0.5000000000E+002   0.5000000000E+002   0.0000000000E+000
    726000   0.5000000000E+002   0.5000000000E+002   0.0000000000E+000
    727000   0.5000000000E+002   0.5000000000E+002   0.0000000000E+000
    728000   0.5000000000E+002   0.5000000000E+002   0.0000000000E+000
    729000   0.5000000000E+002   0.5000000000E+002   0.0000000000E+000
    730000   0.5000000000E+002   0.5000000000E+002   0.0000000000E+000
    731000   0.5000000000E+002   0.5000000000E+002   0.0000000000E+000
    732000   0.5000000000E+002   0.5000000000E+002   0.0000000000E+000
    733000   0.5000000000E+002   0.5000000000E+002   0.0000000000E+000
    734000   0.5000000000E+002   0.5000000000E+002   0.0000000000E+000
    735000   0.5000000000E+002   0.5000000000E+002   0.0000000000E+000
    736000   0.5000000000E+002   0.5000000000E+002   0.0000000000E+000
    737000   0.5000000000E+002   0.5000000000E+002   0.0000000000E+000
    738000   0.5000000000E+002   0.5000000000E+002   0.0000000000E+000
    739000   0.5000000000E+002   0.5000000000E+002   0.0000000000E+000
    740000   0.5000000000E+002   0.5000000000E+002   0.0000000000E+000
    741000   0.5000000000E+002   0.5000000000E+002   0.0000000000E+000
    742000   0.5000000000E+002   0.5000000000E+002   0.0000000000E+000
    743000   0.5000000000E+002   0.5000000000E+002   0.0000000000E+000
    744000   0.5000000000E+002   0.5000000000E+002   0.0000000000E+000
    745000   0.5000000000E+002   0.5000000000E+002   0.0000000000E+000
    746000   0.5000000000E+002   0.5000000000E+002   0.0000000000E+000
    747000   0.5000000000E+002   0.5000000000E+002   0.0000000000E+000
    748000   0.5000000000E+002   0.5000000000E+002   0.0000000000E+000
    749000   0.5000000000E+002   0.5000000000E+002   0.0000000000E+000
    750000   0.5000000000E+002   0.5000000000E+002   0.0000000000E+000
    751000   0.5000000000E+002   0.5000000000E+002   0.0000000000E+000
    752000   0.5000000000E+002   0.5000000000E+002   0.0000000000E+000
    753000   0.5000000000E+002   0.5000000000E+002   0.0000000000E+000
    754000   0.5000000000E+002   0.5000000000E+002   0.0000000000E+000
    755000   0.5000000000E+002   0.5000000000E+002   0.0000000000E+000
    756000   0.5000000000E+002   0.5000000000E+002   0.0000000000E+000
    757000   0.5000000000E+002   0.5000000000E+002   0.0000000000E+000
    758000   0.5000000000E+002   0.5000000000E+002   0.0000000000E+000
    759000   0.5000000000E+002   0.5000000000E+002   0.0000000000E+000
    760000   0.5000000000E+002   0.5000000000E+002   0.0000000000E+000
    761000   0.5000000000E+002   0.5000000000E+002   0.0000000000E+000
    762000   0.5000000000E+002   0.5000000000E+002   0.0000000000E+000
    763000   0.5000000000E+002   0.5000000000E+002   0.0000000000E+000
    764000   0.5000000000E+002   0.5000000000E+002   0.0000000000E+000
    765000   0.5000000000E+002   0.5000000000E+002   0.0000000000E+000
    766000   0.5000000000E+002   0.5000000000E+002   0.0000000000E+000
    767000   0.5000000000E+002   0.5000000000E+002   0.0000000000E+000
    768000   0.5000000000E+002   0.5000000000E+002   0.0000000000E+000
    769000   0.5000000000E+002   0.5000000000E+002   0.0000000000E+000
    770000   0.5000000000E+002   0.5000000000E+002   0.0000000000E+000
    771000   0.5000000000E+002   0.5000000000E+002   0.0000000000E+000
    772000   0.5000000000E+002   0.5000000000E+002   0.0000000000E+000
    773000   0.5000000000E+002   0.5000000000E+002   0.0000000000E+000
    774000   0.5000000000E+002   0.5000000000E+002   0.0000000000E+000
    775000   0.5000000000E+002   0.5000000000E+002   0.0000000000E+000
    776000   0.5000000000E+002   0.5000000000E+002   0.0000000000E+000
    777000   0.5000000000E+002   0.5000000000E+002   0.0000000000E+000
    778000   0.5000000000E+002   0.5000000000E+002   0.0000000000E+000
    779000   0.5000000000E+002   0.5000000000E+002   0.0000000000E+000
    780000   0.5000000000E+002   0.5000000000E+002   0.0000000000E+000
    781000   0.5000000000E+002   0.5000000000E+002   0.0000000000E+000
    782000   0.5000000000E+002   0.5000000000E+002   0.0000000000E+000
    783000   0.5000000000E+002   0.5000000000E+002   0.0000000000E+000
    784000   0.5000000000E+002   0.5000000000E+002   0.0000000000E+000
    785000   0.5000000000E+002   0.5000000000E+002   0.0000000000E+000
    786000   0.5000000000E+002   0.5000000000E+002   0.0000000000E+000
    787000   0.5000000000E+002   0.5000000000E+002   0.0000000000E+000
    788000   0.5000000000E+002   0.5000000000E+002   0.0000000000E+000
    789000   0.5000000000E+002   0.5000000000E+002   0.0000000000E+000
    790000   0.5000000000E+002   0.5000000000E+002   0.0000000000E+000
    791000   0.5000000000E+002   0.5000000000E+002   0.0000000000E+000
    792000   0.5000000000E+002   0.5000000000E+002   0.0000000000E+000
    793000   0.5000000000E+002   0.5000000000E+002   0.0000000000E+000
    794000   0.5000000000E+002   0.5000000000E+002   0.0000000000E+000
    795000   0.5000000000E+002   0.5000000000E+002   0.0000000000E+000
    796000   0.5000000000E+002   0.5000000000E+002   0.0000000000E+000
    797000   0.5000000000E+002   0.5000000000E+002   0.0000000000E+000
    798000   0.5000000000E+002   0.5000000000E+002   0.0000000000E+000
    799000   0.5000000000E+002   0.5000000000E+002   0.0000000000E+000
    800000   0.5000000000E+002   0.5000000000E+002   0.0000000000E+000
    801000   0.5000000000E+002   0.5000000000E+002   0.0000000000E+000
    802000   0.5000000000E+002   0.5000000000E+002   0.0000000000E+000
    803000   0.5000000000E+002   0.5000000000E+002   0.0000000000E+000
    804000   0.5000000000E+002   0.5000000000E+002   0.0000000000E+000
    805000   0.5000000000E+002   0.5000000000E+002   0.0000000000E+000
    806000   0.5000000000E+002   0.5000000000E+002   0.0000000000E+000
    807000   0.5000000000E+002   0.5000000000E+002   0.0000000000E+000
    808000   0.5000000000E+002   0.5000000000E+002   0.0000000000E+000
    809000   0.5000000000E+002   0.5000000000E+002   0.0000000000E+000
    810000   0.5000000000E+002   0.5000000000E+002   0.0000000000E+000
    811000   0.5000000000E+002   0.5000000000E+002   0.0000000000E+000
    812000   0.5000000000E+002   0.5000000000E+002   0.0000000000E+000
    813000   0.5000000000E+002   0.5000000000E+002   0.0000000000E+000
    814000   0.5000000000E+002   0.5000000000E+002   0.0000000000E+000
    815000   0.5000000000E+002   0.5000000000E+002   0.0000000000E+000
    816000   0.5000000000E+002   0.5000000000E+002   0.0000000000E+000
    817000   0.5000000000E+002   0.5000000000E+002   0.0000000000E+000
    818000   0.5000000000E+002   0.5000000000E+002   0.0000000000E+000
    819000   0.5000000000E+002   0.5000000000E+002   0.0000000000E+000
    820000   0.5000000000E+002   0.5000000000E+002   0.0000000000E+000
    821000   0.5000000000E+002   0.5000000000E+002   0.0000000000E+000
    822000   0.5000000000E+002   0.5000000000E+002   0.0000000000E+000
    823000   0.5000000000E+002   0.5000000000E+002   0.0000000000E+000
    824000   0.5000000000E+002   0.5000000000E+002   0.0000000000E+000
    825000   0.5000000000E+002   0.5000000000E+002   0.0000000000E+000
    826000   0.5000000000E+002   0.5000000000E+002   0.0000000000E+000
    827000   0.5000000000E+002   0.5000000000E+002   0.0000000000E+000
    828000   0.5000000000E+002   0.5000000000E+002   0.0000000000E+000
    829000   0.5000000000E+002   0.5000000000E+002   0.0000000000E+000
    830000   0.5000000000E+002   0.5000000000E+002   0.0000000000E+000
    831000   0.5000000000E+002   0.5000000000E+002   0.0000000000E+000
    832000   0.5000000000E+002   0.5000000000E+002   0.0000000000E+000
    833000   0.5000000000E+002   0.5000000000E+002   0.0000000000E+000
    834000   0.5000000000E+002   0.5000000000E+002   0.0000000000E+000
    835000   0.5000000000E+002   0.5000000000E+002   0.0000000000E+000
    836000   0.5000000000E+002   0.5000000000E+002   0.0000000000E+000
    837000   0.5000000000E+002   0.5000000000E+002   0.0000000000E+000
    838000   0.5000000000E+002   0.5000000000E+002   0.0000000000E+000
    839000   0.5000000000E+002   0.5000000000E+002   0.0000000000E+000
    840000   0.5000000000E+002   0.5000000000E+002   0.0000000000E+000
    841000   0.5000000000E+002   0.5000000000E+002   0.0000000000E+000
    842000   0.5000000000E+002   0.5000000000E+002   0.0000000000E+000
    843000   0.5000000000E+002   0.5000000000E+002   0.0000000000E+000
    844000   0.5000000000E+002   0.5000000000E+002   0.0000000000E+000
    845000   0.5000000000E+002   0.5000000000E+002   0.0000000000E+000
    846000   0.5000000000E+002   0.5000000000E+002   0.0000000000E+000
    847000   0.5000000000E+002   0.5000000000E+002   0.0000000000E+000
    848000   0.5000000000E+002   0.5000000000E+002   0.0000000000E+000
    849000   0.5000000000E+002   0.5000000000E+002   0.0000000000E+000
    850000   0.5000000000E+002   0.5000000000E+002   0.0000000000E+000
    851000   0.5000000000E+002   0.5000000000E+002   0.0000000000E+000
    852000   0.5000000000E+002   0.5000000000E+002   0.0000000000E+000
    853000   0.5000000000E+002   0.5000000000E+002   0.0000000000E+000
    854000   0.5000000000E+002   0.5000000000E+002   0.0000000000E+000
    855000   0.5000000000E+002   0.5000000000E+002   0.0000000000E+000
    856000   0.5000000000E+002   0.5000000000E+002   0.0000000000E+000
    857000   0.5000000000E+002   0.5000000000E+002   0.0000000000E+000
    858000   0.5000000000E+002   0.5000000000E+002   0.0000000000E+000
    859000   0.5000000000E+002   0.5000000000E+002   0.0000000000E+000
    860000   0.5000000000E+002   0.5000000000E+002   0.0000000000E+000
    861000   0.5000000000E+002   0.5000000000E+002   0.0000000000E+000
    862000   0.5000000000E+002   0.5000000000E+002   0.0000000000E+000
    863000   0.5000000000E+002   0.5000000000E+002   0.0000000000E+000
    864000   0.5000000000E+002   0.5000000000E+002   0.0000000000E+000
    865000   0.5000000000E+002   0.5000000000E+002   0.0000000000E+000
    866000   0.5000000000E+002   0.5000000000E+002   0.0000000000E+000
    867000   0.5000000000E+002   0.5000000000E+002   0.0000000000E+000
    868000   0.5000000000E+002   0.5000000000E+002   0.0000000000E+000
    869000   0.5000000000E+002   0.5000000000E+002   0.0000000000E+000
    870000   0.5000000000E+002   0.5000000000E+002   0.0000000000E+000
    871000   0.5000000000E+002   0.5000000000E+002   0.0000000000E+000
    872000   0.5000000000E+002   0.5000000000E+002   0.0000000000E+000
    873000   0.5000000000E+002   0.5000000000E+002   0.0000000000E+000
    874000   0.5000000000E+002   0.5000000000E+002   0.0000000000E+000
    875000   0.5000000000E+002   0.5000000000E+002   0.0000000000E+000
    876000   0.5000000000E+002   0.5000000000E+002   0.0000000000E+000
    877000   0.5000000000E+002   0.5000000000E+002   0.0000000000E+000
    878000   0.5000000000E+002   0.5000000000E+002   0.0000000000E+000
    879000   0.5000000000E+002   0.5000000000E+002   0.0000000000E+000
    880000   0.5000000000E+002   0.5000000000E+002   0.0000000000E+000
    881000   0.5000000000E+002   0.5000000000E+002   0.0000000000E+000
    882000   0.5000000000E+002   0.5000000000E+002   0.0000000000E+000
    883000   0.5000000000E+002   0.5000000000E+002   0.0000000000E+000
    884000   0.5000000000E+002   0.5000000000E+002   0.0000000000E+000
    885000   0.5000000000E+002   0.5000000000E+002   0.0000000000E+000
    886000   0.5000000000E+002   0.5000000000E+002   0.0000000000E+000
    887000   0.5000000000E+002   0.5000000000E+002   0.0000000000E+000
    888000   0.5000000000E+002   0.5000000000E+002   0.0000000000E+000
    889000   0.5000000000E+002   0.5000000000E+002   0.0000000000E+000
    890000   0.5000000000E+002   0.5000000000E+002   0.0000000000E+000
    891000   0.5000000000E+002   0.5000000000E+002   0.0000000000E+000
    892000   0.5000000000E+002   0.5000000000E+002   0.0000000000E+000
    893000   0.5000000000E+002   0.5000000000E+002   0.0000000000E+000
    894000   0.5000000000E+002   0.5000000000E+002   0.0000000000E+000
    895000   0.5000000000E+002   0.5000000000E+002   0.0000000000E+000
    896000   0.5000000000E+002   0.5000000000E+002   0.0000000000E+000
    897000   0.5000000000E+002   0.5000000000E+002   0.0000000000E+000
    898000   0.5000000000E+002   0.5000000000E+002   0.0000000000E+000
    899000   0.5000000000E+002   0.5000000000E+002   0.0000000000E+000
    900000   0.5000000000E+002   0.5000000000E+002   0.0000000000E+000
    901000   0.5000000000E+002   0.5000000000E+002   0.0000000000E+000
    902000   0.5000000000E+002   0.5000000000E+002   0.0000000000E+000
    903000   0.5000000000E+002   0.5000000000E+002   0.0000000000E+000
    904000   0.5000000000E+002   0.5000000000E+002   0.0000000000E+000
    905000   0.5000000000E+002   0.5000000000E+002   0.0000000000E+000
    906000   0.5000000000E+002   0.5000000000E+002   0.0000000000E+000
    907000   0.5000000000E+002   0.5000000000E+002   0.0000000000E+000
    908000   0.5000000000E+002   0.5000000000E+002   0.0000000000E+000
    909000   0.5000000000E+002   0.5000000000E+002   0.0000000000E+000
    910000   0.5000000000E+002   0.5000000000E+002   0.0000000000E+000
    911000   0.5000000000E+002   0.5000000000E+002   0.0000000000E+000
    912000   0.5000000000E+002   0.5000000000E+002   0.0000000000E+000
    913000   0.5000000000E+002   0.5000000000E+002   0.0000000000E+000
    914000   0.5000000000E+002   0.5000000000E+002   0.0000000000E+000
    915000   0.5000000000E+002   0.5000000000E+002   0.0000000000E+000
    916000   0.5000000000E+002   0.5000000000E+002   0.0000000000E+000
    917000   0.5000000000E+002   0.5000000000E+002   0.0000000000E+000
    918000   0.5000000000E+002   0.5000000000E+002   0.0000000000E+000
    919000   0.5000000000E+002   0.5000000000E+002   0.0000000000E+000
    920000   0.5000000000E+002   0.5000000000E+002   0.0000000000E+000
    921000   0.5000000000E+002   0.5000000000E+002   0.0000000000E+000
    922000   0.5000000000E+002   0.5000000000E+002   0.0000000000E+000
    923000   0.5000000000E+002   0.5000000000E+002   0.0000000000E+000
    924000   0.5000000000E+002   0.5000000000E+002   0.0000000000E+000
    925000   0.5000000000E+002   0.5000000000E+002   0.0000000000E+000
    926000   0.5000000000E+002   0.5000000000E+002   0.0000000000E+000
    927000   0.5000000000E+002   0.5000000000E+002   0.0000000000E+000
    928000   0.5000000000E+002   0.5000000000E+002   0.0000000000E+000
    929000   0.5000000000E+002   0.5000000000E+002   0.0000000000E+000
    930000   0.5000000000E+002   0.5000000000E+002   0.0000000000E+000
    931000   0.5000000000E+002   0.5000000000E+002   0.0000000000E+000
    932000   0.5000000000E+002   0.5000000000E+002   0.0000000000E+000
    933000   0.5000000000E+002   0.5000000000E+002   0.0000000000E+000
    934000   0.5000000000E+002   0.5000000000E+002   0.0000000000E+000
    935000   0.5000000000E+002   0.5000000000E+002   0.0000000000E+000
    936000   0.5000000000E+002   0.5000000000E+002   0.0000000000E+000
    937000   0.5000000000E+002   0.5000000000E+002   0.0000000000E+000
    938000   0.5000000000E+002   0.5000000000E+002   0.0000000000E+000
    939000   0.5000000000E+002   0.5000000000E+002   0.0000000000E+000
    940000   0.5000000000E+002   0.5000000000E+002   0.0000000000E+000
    941000   0.5000000000E+002   0.5000000000E+002   0.0000000000E+000
    942000   0.5000000000E+002   0.5000000000E+002   0.0000000000E+000
    943000   0.5000000000E+002   0.5000000000E+002   0.0000000000E+000
    944000   0.5000000000E+002   0.5000000000E+002   0.0000000000E+000
    945000   0.5000000000E+002   0.5000000000E+002   0.0000000000E+000
    946000   0.5000000000E+002   0.5000000000E+002   0.0000000000E+000
    947000   0.5000000000E+002   0.5000000000E+002   0.0000000000E+000
    948000   0.5000000000E+002   0.5000000000E+002   0.0000000000E+000
    949000   0.5000000000E+002   0.5000000000E+002   0.0000000000E+000
    950000   0.5000000000E+002   0.5000000000E+002   0.0000000000E+000
    951000   0.5000000000E+002   0.5000000000E+002   0.0000000000E+000
    952000   0.5000000000E+002   0.5000000000E+002   0.0000000000E+000
    953000   0.5000000000E+002   0.5000000000E+002   0.0000000000E+000
    954000   0.5000000000E+002   0.5000000000E+002   0.0000000000E+000
    955000   0.5000000000E+002   0.5000000000E+002   0.0000000000E+000
    956000   0.5000000000E+002   0.5000000000E+002   0.0000000000E+000
    957000   0.5000000000E+002   0.5000000000E+002   0.0000000000E+000
    958000   0.5000000000E+002   0.5000000000E+002   0.0000000000E+000
    959000   0.5000000000E+002   0.5000000000E+002   0.0000000000E+000
    960000   0.5000000000E+002   0.5000000000E+002   0.0000000000E+000
    961000   0.5000000000E+002   0.5000000000E+002   0.0000000000E+000
    962000   0.5000000000E+002   0.5000000000E+002   0.0000000000E+000
    963000   0.5000000000E+002   0.5000000000E+002   0.0000000000E+000
    964000   0.5000000000E+002   0.5000000000E+002   0.0000000000E+000
    965000   0.5000000000E+002   0.5000000000E+002   0.0000000000E+000
    966000   0.5000000000E+002   0.5000000000E+002   0.0000000000E+000
    967000   0.5000000000E+002   0.5000000000E+002   0.0000000000E+000
    968000   0.5000000000E+002   0.5000000000E+002   0.0000000000E+000
    969000   0.5000000000E+002   0.5000000000E+002   0.0000000000E+000
    970000   0.5000000000E+002   0.5000000000E+002   0.0000000000E+000
    971000   0.5000000000E+002   0.5000000000E+002   0.0000000000E+000
    972000   0.5000000000E+002   0.5000000000E+002   0.0000000000E+000
    973000   0.5000000000E+002   0.5000000000E+002   0.0000000000E+000
    974000   0.5000000000E+002   0.5000000000E+002   0.0000000000E+000
    975000   0.5000000000E+002   0.5000000000E+002   0.0000000000E+000
    976000   0.5000000000E+002   0.5000000000E+002   0.0000000000E+000
    977000   0.5000000000E+002   0.5000000000E+002   0.0000000000E+000
    978000   0.5000000000E+002   0.5000000000E+002   0.0000000000E+000
    979000   0.5000000000E+002   0.5000000000E+002   0.0000000000E+000
    980000   0.5000000000E+002   0.5000000000E+002   0.0000000000E+000
    981000   0.5000000000E+002   0.5000000000E+002   0.0000000000E+000
    982000   0.5000000000E+002   0.5000000000E+002   0.0000000000E+000
    983000   0.5000000000E+002   0.5000000000E+002   0.0000000000E+000
    984000   0.5000000000E+002   0.5000000000E+002   0.0000000000E+000
    985000   0.5000000000E+002   0.5000000000E+002   0.0000000000E+000
    986000   0.5000000000E+002   0.5000000000E+002   0.0000000000E+000
    987000   0.5000000000E+002   0.5000000000E+002   0.0000000000E+000
    988000   0.5000000000E+002   0.5000000000E+002   0.0000000000E+000
    989000   0.5000000000E+002   0.5000000000E+002   0.0000000000E+000
    990000   0.5000000000E+002   0.5000000000E+002   0.0000000000E+000
    991000   0.5000000000E+002   0.5000000000E+002   0.0000000000E+000
    992000   0.5000000000E+002   0.5000000000E+002   0.0000000000E+000
    993000   0.5000000000E+002   0.5000000000E+002   0.0000000000E+000
    994000   0.5000000000E+002   0.5000000000E+002   0.0000000000E+000
    995000   0.5000000000E+002   0.5000000000E+002   0.0000000000E+000
    996000   0.5000000000E+002   0.5000000000E+002   0.0000000000E+000
    997000   0.5000000000E+002   0.5000000000E+002   0.0000000000E+000
    998000   0.5000000000E+002   0.5000000000E+002   0.0000000000E+000
    999000   0.5000000000E+002   0.5000000000E+002   0.0000000000E+000
   1000000   0.5000000000E+002   0.5000000000E+002   0.0000000000E+000
