# Cycle, ((density(Ib,Tm), Tm=1,N_MolType), Ib=1,N_Box)
      1000   0.4677981706E+003   0.9413118509E+003   0.0000000000E+000
      2000   0.4684586984E+003   0.9426409768E+003   0.0000000000E+000
      3000   0.4657191154E+003   0.9371283387E+003   0.0000000000E+000
      4000   0.4683284852E+003   0.9423789593E+003   0.0000000000E+000
      5000   0.4707251765E+003   0.9472016246E+003   0.0000000000E+000
      6000   0.4711613504E+003   0.9480793015E+003   0.0000000000E+000
      7000   0.4730327932E+003   0.9518450522E+003   0.0000000000E+000
      8000   0.4686893324E+003   0.9431050626E+003   0.0000000000E+000
      9000   0.4661154768E+003   0.9379259043E+003   0.0000000000E+000
     10000   0.4663009073E+003   0.9382990310E+003   0.0000000000E+000
     11000   0.4716801976E+003   0.9491233351E+003   0.0000000000E+000
     12000   0.4708121507E+003   0.9473766355E+003   0.0000000000E+000
     13000   0.4734123681E+003   0.9526088396E+003   0.0000000000E+000
     14000   0.4665435432E+003   0.9387872671E+003   0.0000000000E+000
     15000   0.4705003930E+003   0.9467493111E+003   0.0000000000E+000
     16000   0.4678685805E+003   0.9414535309E+003   0.0000000000E+000
     17000   0.4704363378E+003   0.9466204181E+003   0.0000000000E+000
     18000   0.4737642893E+003   0.9533169817E+003   0.0000000000E+000
     19000   0.4677978972E+003   0.9413113007E+003   0.0000000000E+000
     20000   0.4679106312E+003   0.9415381462E+003   0.0000000000E+000
     21000   0.4688802701E+003   0.9434892708E+003   0.0000000000E+000
     22000   0.4630195494E+003   0.9316962239E+003   0.0000000000E+000
     23000   0.4626082098E+003   0.9308685190E+003   0.0000000000E+000
     24000   0.4700677854E+003   0.9458788104E+003   0.0000000000E+000
     25000   0.4741881875E+003   0.9541699573E+003   0.0000000000E+000
     26000   0.4683871914E+003   0.9424970891E+003   0.0000000000E+000
     27000   0.4688546086E+003   0.9434376343E+003   0.0000000000E+000
     28000   0.4744682961E+003   0.9547335967E+003   0.0000000000E+000
     29000   0.4704867840E+003   0.9467219268E+003   0.0000000000E+000
     30000   0.4739871479E+003   0.9537654217E+003   0.0000000000E+000
     31000   0.4731225928E+003   0.9520257484E+003   0.0000000000E+000
     32000   0.4644755169E+003   0.9346259476E+003   0.0000000000E+000
     33000   0.4680778927E+003   0.9418747127E+003   0.0000000000E+000
     34000   0.4706390689E+003   0.9470283572E+003   0.0000000000E+000
     35000   0.4697276714E+003   0.9451944268E+003   0.0000000000E+000
     36000   0.4707617635E+003   0.9472752455E+003   0.0000000000E+000
     37000   0.4656836518E+003   0.9370569783E+003   0.0000000000E+000
     38000   0.4685127700E+003   0.9427497807E+003   0.0000000000E+000
     39000   0.4675132619E+003   0.9407385525E+003   0.0000000000E+000
     40000   0.4666641249E+003   0.9390299038E+003   0.0000000000E+000
     41000   0.4654775046E+003   0.9366421653E+003   0.0000000000E+000
     42000   0.4690542699E+003   0.9438393964E+003   0.0000000000E+000
     43000   0.4647825958E+003   0.9352438572E+003   0.0000000000E+000
     44000   0.4702135544E+003   0.9461721295E+003   0.0000000000E+000
     45000   0.4710226829E+003   0.9478002722E+003   0.0000000000E+000
     46000   0.4771060285E+003   0.9600412891E+003   0.0000000000E+000
     47000   0.4752177247E+003   0.9562416105E+003   0.0000000000E+000
     48000   0.4732242668E+003   0.9522303388E+003   0.0000000000E+000
     49000   0.4734082250E+003   0.9526005028E+003   0.0000000000E+000
     50000   0.4678564499E+003   0.9414291216E+003   0.0000000000E+000
     51000   0.4730338638E+003   0.9518472064E+003   0.0000000000E+000
     52000   0.4686801408E+003   0.9430865671E+003   0.0000000000E+000
     53000   0.4747229095E+003   0.9552459345E+003   0.0000000000E+000
     54000   0.4707077339E+003   0.9471665263E+003   0.0000000000E+000
     55000   0.4733170769E+003   0.9524170929E+003   0.0000000000E+000
     56000   0.4706786637E+003   0.9471080307E+003   0.0000000000E+000
     57000   0.4710089242E+003   0.9477725866E+003   0.0000000000E+000
     58000   0.4659206408E+003   0.9375338519E+003   0.0000000000E+000
     59000   0.4663500993E+003   0.9383980159E+003   0.0000000000E+000
     60000   0.4671143717E+003   0.9399358985E+003   0.0000000000E+000
     61000   0.4653332496E+003   0.9363518927E+003   0.0000000000E+000
     62000   0.4643824329E+003   0.9344386424E+003   0.0000000000E+000
     63000   0.4651883357E+003   0.9360602944E+003   0.0000000000E+000
     64000   0.4650486619E+003   0.9357792403E+003   0.0000000000E+000
     65000   0.4688329324E+003   0.9433940171E+003   0.0000000000E+000
     66000   0.4703846578E+003   0.9465164268E+003   0.0000000000E+000
     67000   0.4717128707E+003   0.9491890804E+003   0.0000000000E+000
     68000   0.4759719853E+003   0.9577593470E+003   0.0000000000E+000
     69000   0.4697062207E+003   0.9451512635E+003   0.0000000000E+000
     70000   0.4679301828E+003   0.9415774881E+003   0.0000000000E+000
     71000   0.4656479831E+003   0.9369852052E+003   0.0000000000E+000
     72000   0.4676500210E+003   0.9410137416E+003   0.0000000000E+000
     73000   0.4652165035E+003   0.9361169741E+003   0.0000000000E+000
     74000   0.4686540975E+003   0.9430341624E+003   0.0000000000E+000
     75000   0.4634629473E+003   0.9325884370E+003   0.0000000000E+000
     76000   0.4659621032E+003   0.9376172832E+003   0.0000000000E+000
     77000   0.4693938769E+003   0.9445227596E+003   0.0000000000E+000
     78000   0.4644479500E+003   0.9345704770E+003   0.0000000000E+000
     79000   0.4696112644E+003   0.9449601907E+003   0.0000000000E+000
     80000   0.4650909936E+003   0.9358644209E+003   0.0000000000E+000
     81000   0.4654005288E+003   0.9364872732E+003   0.0000000000E+000
     82000   0.4686975769E+003   0.9431216524E+003   0.0000000000E+000
     83000   0.4640481359E+003   0.9337659639E+003   0.0000000000E+000
     84000   0.4671552862E+003   0.9400182275E+003   0.0000000000E+000
     85000   0.4646030241E+003   0.9348825200E+003   0.0000000000E+000
     86000   0.4684148026E+003   0.9425526488E+003   0.0000000000E+000
     87000   0.4658217503E+003   0.9373348627E+003   0.0000000000E+000
     88000   0.4628502358E+003   0.9313555280E+003   0.0000000000E+000
     89000   0.4680833300E+003   0.9418856538E+003   0.0000000000E+000
     90000   0.4695771609E+003   0.9448915670E+003   0.0000000000E+000
     91000   0.4665082829E+003   0.9387163158E+003   0.0000000000E+000
     92000   0.4658732474E+003   0.9374384860E+003   0.0000000000E+000
     93000   0.4683120662E+003   0.9423459209E+003   0.0000000000E+000
     94000   0.4650458873E+003   0.9357736571E+003   0.0000000000E+000
     95000   0.4695790147E+003   0.9448952972E+003   0.0000000000E+000
     96000   0.4701235687E+003   0.9459910586E+003   0.0000000000E+000
     97000   0.4648850662E+003   0.9354500500E+003   0.0000000000E+000
     98000   0.4689275998E+003   0.9435845086E+003   0.0000000000E+000
     99000   0.4683093854E+003   0.9423405264E+003   0.0000000000E+000
    100000   0.4775359779E+003   0.9609064409E+003   0.0000000000E+000
    101000   0.4710071736E+003   0.9477690642E+003   0.0000000000E+000
    102000   0.4745669964E+003   0.9549322034E+003   0.0000000000E+000
    103000   0.4757458319E+003   0.9573042772E+003   0.0000000000E+000
    104000   0.4670453134E+003   0.9397969381E+003   0.0000000000E+000
    105000   0.4701976970E+003   0.9461402208E+003   0.0000000000E+000
    106000   0.4680951625E+003   0.9419094633E+003   0.0000000000E+000
    107000   0.4659312028E+003   0.9375551049E+003   0.0000000000E+000
    108000   0.4721026256E+003   0.9499733524E+003   0.0000000000E+000
    109000   0.4716006736E+003   0.9489633155E+003   0.0000000000E+000
    110000   0.4711483875E+003   0.9480532173E+003   0.0000000000E+000
    111000   0.4751072620E+003   0.9560193353E+003   0.0000000000E+000
    112000   0.4713624089E+003   0.9484838749E+003   0.0000000000E+000
    113000   0.4729980976E+003   0.9517752371E+003   0.0000000000E+000
    114000   0.4698203557E+003   0.9453809279E+003   0.0000000000E+000
    115000   0.4715198583E+003   0.9488006974E+003   0.0000000000E+000
    116000   0.4687040845E+003   0.9431347469E+003   0.0000000000E+000
    117000   0.4713366309E+003   0.9484320040E+003   0.0000000000E+000
    118000   0.4741576615E+003   0.9541085323E+003   0.0000000000E+000
    119000   0.4729767173E+003   0.9517322153E+003   0.0000000000E+000
    120000   0.4744756246E+003   0.9547483434E+003   0.0000000000E+000
    121000   0.4735932834E+003   0.9529728805E+003   0.0000000000E+000
    122000   0.4685983688E+003   0.9429220241E+003   0.0000000000E+000
    123000   0.4689929745E+003   0.9437160567E+003   0.0000000000E+000
    124000   0.4702017591E+003   0.9461483947E+003   0.0000000000E+000
    125000   0.4691713509E+003   0.9440749889E+003   0.0000000000E+000
    126000   0.4708849957E+003   0.9475232157E+003   0.0000000000E+000
    127000   0.4684421196E+003   0.9426076165E+003   0.0000000000E+000
    128000   0.4667742681E+003   0.9392515360E+003   0.0000000000E+000
    129000   0.4660544319E+003   0.9378030686E+003   0.0000000000E+000
    130000   0.4716973098E+003   0.9491577685E+003   0.0000000000E+000
    131000   0.4701429508E+003   0.9460300595E+003   0.0000000000E+000
    132000   0.4601993587E+003   0.9260213856E+003   0.0000000000E+000
    133000   0.4642235417E+003   0.9341189187E+003   0.0000000000E+000
    134000   0.4702212257E+003   0.9461875657E+003   0.0000000000E+000
    135000   0.4655363650E+003   0.9367606051E+003   0.0000000000E+000
    136000   0.4654173240E+003   0.9365210688E+003   0.0000000000E+000
    137000   0.4647014125E+003   0.9350804987E+003   0.0000000000E+000
    138000   0.4682869379E+003   0.9422953573E+003   0.0000000000E+000
    139000   0.4665979199E+003   0.9388966849E+003   0.0000000000E+000
    140000   0.4693223191E+003   0.9443787698E+003   0.0000000000E+000
    141000   0.4688290318E+003   0.9433861683E+003   0.0000000000E+000
    142000   0.4723688335E+003   0.9505090206E+003   0.0000000000E+000
    143000   0.4745289137E+003   0.9548555726E+003   0.0000000000E+000
    144000   0.4703555731E+003   0.9464579019E+003   0.0000000000E+000
    145000   0.4731108464E+003   0.9520021123E+003   0.0000000000E+000
    146000   0.4712914625E+003   0.9483411154E+003   0.0000000000E+000
    147000   0.4683426566E+003   0.9424074754E+003   0.0000000000E+000
    148000   0.4726623171E+003   0.9510995736E+003   0.0000000000E+000
    149000   0.4747582333E+003   0.9553170135E+003   0.0000000000E+000
    150000   0.4793001162E+003   0.9644562717E+003   0.0000000000E+000
    151000   0.4758079976E+003   0.9574293681E+003   0.0000000000E+000
    152000   0.4749121503E+003   0.9556267281E+003   0.0000000000E+000
    153000   0.4709182135E+003   0.9475900570E+003   0.0000000000E+000
    154000   0.4751063988E+003   0.9560175984E+003   0.0000000000E+000
    155000   0.4710051886E+003   0.9477650699E+003   0.0000000000E+000
    156000   0.4712929317E+003   0.9483440717E+003   0.0000000000E+000
    157000   0.4680539507E+003   0.9418265362E+003   0.0000000000E+000
    158000   0.4720061820E+003   0.9497792867E+003   0.0000000000E+000
    159000   0.4688508234E+003   0.9434300176E+003   0.0000000000E+000
    160000   0.4742117330E+003   0.9542173359E+003   0.0000000000E+000
    161000   0.4768033110E+003   0.9594321556E+003   0.0000000000E+000
    162000   0.4762263569E+003   0.9582711983E+003   0.0000000000E+000
    163000   0.4704397402E+003   0.9466272646E+003   0.0000000000E+000
    164000   0.4742504775E+003   0.9542952984E+003   0.0000000000E+000
    165000   0.4690386120E+003   0.9438078892E+003   0.0000000000E+000
    166000   0.4722334572E+003   0.9502366140E+003   0.0000000000E+000
    167000   0.4687209386E+003   0.9431686611E+003   0.0000000000E+000
    168000   0.4720412898E+003   0.9498499314E+003   0.0000000000E+000
    169000   0.4741076290E+003   0.9540078559E+003   0.0000000000E+000
    170000   0.4740305337E+003   0.9538527234E+003   0.0000000000E+000
    171000   0.4764178974E+003   0.9586566194E+003   0.0000000000E+000
    172000   0.4753937400E+003   0.9565957916E+003   0.0000000000E+000
    173000   0.4778064770E+003   0.9614507442E+003   0.0000000000E+000
    174000   0.4765386586E+003   0.9588996173E+003   0.0000000000E+000
    175000   0.4749726386E+003   0.9557484437E+003   0.0000000000E+000
    176000   0.4810140706E+003   0.9679051214E+003   0.0000000000E+000
    177000   0.4708986210E+003   0.9475506328E+003   0.0000000000E+000
    178000   0.4690194480E+003   0.9437693270E+003   0.0000000000E+000
    179000   0.4760131915E+003   0.9578422630E+003   0.0000000000E+000
    180000   0.4737797553E+003   0.9533481027E+003   0.0000000000E+000
    181000   0.4724687709E+003   0.9507101164E+003   0.0000000000E+000
    182000   0.4761488320E+003   0.9581152011E+003   0.0000000000E+000
    183000   0.4719838708E+003   0.9497343918E+003   0.0000000000E+000
    184000   0.4809180101E+003   0.9677118268E+003   0.0000000000E+000
    185000   0.4730318699E+003   0.9518431943E+003   0.0000000000E+000
    186000   0.4662291315E+003   0.9381546023E+003   0.0000000000E+000
    187000   0.4716178301E+003   0.9489978381E+003   0.0000000000E+000
    188000   0.4717640176E+003   0.9492919992E+003   0.0000000000E+000
    189000   0.4756812726E+003   0.9571743698E+003   0.0000000000E+000
    190000   0.4743229413E+003   0.9544411113E+003   0.0000000000E+000
    191000   0.4721063236E+003   0.9499807935E+003   0.0000000000E+000
    192000   0.4783292598E+003   0.9625026971E+003   0.0000000000E+000
    193000   0.4680575675E+003   0.9418338140E+003   0.0000000000E+000
    194000   0.4751867605E+003   0.9561793037E+003   0.0000000000E+000
    195000   0.4772035512E+003   0.9602375261E+003   0.0000000000E+000
    196000   0.4774198793E+003   0.9606728253E+003   0.0000000000E+000
    197000   0.4728692637E+003   0.9515159952E+003   0.0000000000E+000
    198000   0.4781860021E+003   0.9622144314E+003   0.0000000000E+000
    199000   0.4720028716E+003   0.9497726254E+003   0.0000000000E+000
    200000   0.4694348348E+003   0.9446051759E+003   0.0000000000E+000
    201000   0.4741459523E+003   0.9540849708E+003   0.0000000000E+000
    202000   0.4750546521E+003   0.9559134728E+003   0.0000000000E+000
    203000   0.4693877137E+003   0.9445103579E+003   0.0000000000E+000
    204000   0.4721549673E+003   0.9500786752E+003   0.0000000000E+000
    205000   0.4769832044E+003   0.9597941403E+003   0.0000000000E+000
    206000   0.4758868999E+003   0.9575881368E+003   0.0000000000E+000
    207000   0.4720544512E+003   0.9498764149E+003   0.0000000000E+000
    208000   0.4683032323E+003   0.9423281451E+003   0.0000000000E+000
    209000   0.4667926196E+003   0.9392884632E+003   0.0000000000E+000
    210000   0.4651936181E+003   0.9360709237E+003   0.0000000000E+000
    211000   0.4753704416E+003   0.9565489101E+003   0.0000000000E+000
    212000   0.4733850455E+003   0.9525538606E+003   0.0000000000E+000
    213000   0.4763753840E+003   0.9585710731E+003   0.0000000000E+000
    214000   0.4672730074E+003   0.9402551081E+003   0.0000000000E+000
    215000   0.4735512213E+003   0.9528882426E+003   0.0000000000E+000
    216000   0.4679404148E+003   0.9415980771E+003   0.0000000000E+000
    217000   0.4712467146E+003   0.9482510728E+003   0.0000000000E+000
    218000   0.4721808183E+003   0.9501306929E+003   0.0000000000E+000
    219000   0.4731270239E+003   0.9520346649E+003   0.0000000000E+000
    220000   0.4683548633E+003   0.9424320379E+003   0.0000000000E+000
    221000   0.4730895102E+003   0.9519591790E+003   0.0000000000E+000
    222000   0.4754328299E+003   0.9566744489E+003   0.0000000000E+000
    223000   0.4737199306E+003   0.9532277223E+003   0.0000000000E+000
    224000   0.4708219731E+003   0.9473964004E+003   0.0000000000E+000
    225000   0.4712067878E+003   0.9481707315E+003   0.0000000000E+000
    226000   0.4692225153E+003   0.9441779428E+003   0.0000000000E+000
    227000   0.4724496558E+003   0.9506716527E+003   0.0000000000E+000
    228000   0.4734494079E+003   0.9526833718E+003   0.0000000000E+000
    229000   0.4733340643E+003   0.9524512752E+003   0.0000000000E+000
    230000   0.4714156364E+003   0.9485909802E+003   0.0000000000E+000
    231000   0.4748757975E+003   0.9555535783E+003   0.0000000000E+000
    232000   0.4763917351E+003   0.9586039751E+003   0.0000000000E+000
    233000   0.4732042902E+003   0.9521901414E+003   0.0000000000E+000
    234000   0.4690090733E+003   0.9437484510E+003   0.0000000000E+000
    235000   0.4715772986E+003   0.9489162798E+003   0.0000000000E+000
    236000   0.4675687132E+003   0.9408501325E+003   0.0000000000E+000
    237000   0.4633465774E+003   0.9323542753E+003   0.0000000000E+000
    238000   0.4690426370E+003   0.9438159883E+003   0.0000000000E+000
    239000   0.4713991994E+003   0.9485579055E+003   0.0000000000E+000
    240000   0.4699636218E+003   0.9456692106E+003   0.0000000000E+000
    241000   0.4669545731E+003   0.9396143489E+003   0.0000000000E+000
    242000   0.4684829307E+003   0.9426897375E+003   0.0000000000E+000
    243000   0.4699529590E+003   0.9456477547E+003   0.0000000000E+000
    244000   0.4667698778E+003   0.9392427018E+003   0.0000000000E+000
    245000   0.4722859049E+003   0.9503421502E+003   0.0000000000E+000
    246000   0.4711672144E+003   0.9480911011E+003   0.0000000000E+000
    247000   0.4730145855E+003   0.9518084143E+003   0.0000000000E+000
    248000   0.4786106585E+003   0.9630689325E+003   0.0000000000E+000
    249000   0.4695745274E+003   0.9448862679E+003   0.0000000000E+000
    250000   0.4708219436E+003   0.9473963410E+003   0.0000000000E+000
    251000   0.4654716477E+003   0.9366303798E+003   0.0000000000E+000
    252000   0.4709311197E+003   0.9476160272E+003   0.0000000000E+000
    253000   0.4764023737E+003   0.9586253823E+003   0.0000000000E+000
    254000   0.4742499867E+003   0.9542943108E+003   0.0000000000E+000
    255000   0.4707860523E+003   0.9473241199E+003   0.0000000000E+000
    256000   0.4703338211E+003   0.9464141321E+003   0.0000000000E+000
    257000   0.4705848654E+003   0.9469192880E+003   0.0000000000E+000
    258000   0.4757646656E+003   0.9573421747E+003   0.0000000000E+000
    259000   0.4753323862E+003   0.9564723342E+003   0.0000000000E+000
    260000   0.4737334822E+003   0.9532549912E+003   0.0000000000E+000
    261000   0.4767018004E+003   0.9592278942E+003   0.0000000000E+000
    262000   0.4695910813E+003   0.9449195779E+003   0.0000000000E+000
    263000   0.4741689754E+003   0.9541312984E+003   0.0000000000E+000
    264000   0.4751417809E+003   0.9560887950E+003   0.0000000000E+000
    265000   0.4708523668E+003   0.9474575591E+003   0.0000000000E+000
    266000   0.4700370564E+003   0.9458169769E+003   0.0000000000E+000
    267000   0.4711690747E+003   0.9480948445E+003   0.0000000000E+000
    268000   0.4697660570E+003   0.9452716671E+003   0.0000000000E+000
    269000   0.4728361834E+003   0.9514494303E+003   0.0000000000E+000
    270000   0.4731015249E+003   0.9519833553E+003   0.0000000000E+000
    271000   0.4789610951E+003   0.9637740874E+003   0.0000000000E+000
    272000   0.4704254292E+003   0.9465984676E+003   0.0000000000E+000
    273000   0.4754677180E+003   0.9567446514E+003   0.0000000000E+000
    274000   0.4749083265E+003   0.9556190338E+003   0.0000000000E+000
    275000   0.4761053099E+003   0.9580276253E+003   0.0000000000E+000
    276000   0.4725331602E+003   0.9508396817E+003   0.0000000000E+000
    277000   0.4709839028E+003   0.9477222382E+003   0.0000000000E+000
    278000   0.4751892901E+003   0.9561843937E+003   0.0000000000E+000
    279000   0.4746773925E+003   0.9551543444E+003   0.0000000000E+000
    280000   0.4707868222E+003   0.9473256691E+003   0.0000000000E+000
    281000   0.4698878277E+003   0.9455166962E+003   0.0000000000E+000
    282000   0.4711078772E+003   0.9479717018E+003   0.0000000000E+000
    283000   0.4661146723E+003   0.9379242855E+003   0.0000000000E+000
    284000   0.4734618423E+003   0.9527083925E+003   0.0000000000E+000
    285000   0.4762889905E+003   0.9583972306E+003   0.0000000000E+000
    286000   0.4679811591E+003   0.9416800637E+003   0.0000000000E+000
    287000   0.4658236348E+003   0.9373386546E+003   0.0000000000E+000
    288000   0.4635410100E+003   0.9327455161E+003   0.0000000000E+000
    289000   0.4649171487E+003   0.9355146070E+003   0.0000000000E+000
    290000   0.4619797489E+003   0.9296039187E+003   0.0000000000E+000
    291000   0.4639868433E+003   0.9336426298E+003   0.0000000000E+000
    292000   0.4698118982E+003   0.9453639096E+003   0.0000000000E+000
    293000   0.4671198244E+003   0.9399468705E+003   0.0000000000E+000
    294000   0.4676993378E+003   0.9411129778E+003   0.0000000000E+000
    295000   0.4681314158E+003   0.9419824128E+003   0.0000000000E+000
    296000   0.4619455266E+003   0.9295350559E+003   0.0000000000E+000
    297000   0.4718065504E+003   0.9493775845E+003   0.0000000000E+000
    298000   0.4754681658E+003   0.9567455525E+003   0.0000000000E+000
    299000   0.4717874665E+003   0.9493391834E+003   0.0000000000E+000
    300000   0.4688805190E+003   0.9434897718E+003   0.0000000000E+000
    301000   0.4699032881E+003   0.9455478060E+003   0.0000000000E+000
    302000   0.4720698872E+003   0.9499074755E+003   0.0000000000E+000
    303000   0.4762499624E+003   0.9583186976E+003   0.0000000000E+000
    304000   0.4744886892E+003   0.9547746321E+003   0.0000000000E+000
    305000   0.4754280135E+003   0.9566647573E+003   0.0000000000E+000
    306000   0.4740805168E+003   0.9539533004E+003   0.0000000000E+000
    307000   0.4737255100E+003   0.9532389492E+003   0.0000000000E+000
    308000   0.4739957187E+003   0.9537826681E+003   0.0000000000E+000
    309000   0.4808035846E+003   0.9674815776E+003   0.0000000000E+000
    310000   0.4725840961E+003   0.9509421757E+003   0.0000000000E+000
    311000   0.4723257495E+003   0.9504223261E+003   0.0000000000E+000
    312000   0.4715351677E+003   0.9488315033E+003   0.0000000000E+000
    313000   0.4728465335E+003   0.9514702571E+003   0.0000000000E+000
    314000   0.4739835433E+003   0.9537581685E+003   0.0000000000E+000
    315000   0.4741607400E+003   0.9541147268E+003   0.0000000000E+000
    316000   0.4780742920E+003   0.9619896463E+003   0.0000000000E+000
    317000   0.4709527325E+003   0.9476595167E+003   0.0000000000E+000
    318000   0.4695206615E+003   0.9447778778E+003   0.0000000000E+000
    319000   0.4725164127E+003   0.9508059821E+003   0.0000000000E+000
    320000   0.4754375767E+003   0.9566840005E+003   0.0000000000E+000
    321000   0.4754437731E+003   0.9566964690E+003   0.0000000000E+000
    322000   0.4665224000E+003   0.9387447224E+003   0.0000000000E+000
    323000   0.4656957741E+003   0.9370813709E+003   0.0000000000E+000
    324000   0.4746937369E+003   0.9551872328E+003   0.0000000000E+000
    325000   0.4722805597E+003   0.9503313944E+003   0.0000000000E+000
    326000   0.4747122916E+003   0.9552245690E+003   0.0000000000E+000
    327000   0.4690593376E+003   0.9438495938E+003   0.0000000000E+000
    328000   0.4704767884E+003   0.9467018136E+003   0.0000000000E+000
    329000   0.4617612714E+003   0.9291642942E+003   0.0000000000E+000
    330000   0.4719812264E+003   0.9497290706E+003   0.0000000000E+000
    331000   0.4764736419E+003   0.9587687896E+003   0.0000000000E+000
    332000   0.4694701917E+003   0.9446763217E+003   0.0000000000E+000
    333000   0.4705808278E+003   0.9469111636E+003   0.0000000000E+000
    334000   0.4683857243E+003   0.9424941369E+003   0.0000000000E+000
    335000   0.4745538231E+003   0.9549056957E+003   0.0000000000E+000
    336000   0.4733201255E+003   0.9524232274E+003   0.0000000000E+000
    337000   0.4709537619E+003   0.9476615882E+003   0.0000000000E+000
    338000   0.4698188229E+003   0.9453778435E+003   0.0000000000E+000
    339000   0.4695387690E+003   0.9448143141E+003   0.0000000000E+000
    340000   0.4730209663E+003   0.9518212539E+003   0.0000000000E+000
    341000   0.4725182527E+003   0.9508096846E+003   0.0000000000E+000
    342000   0.4734229269E+003   0.9526300861E+003   0.0000000000E+000
    343000   0.4747005260E+003   0.9552008940E+003   0.0000000000E+000
    344000   0.4803825969E+003   0.9666344587E+003   0.0000000000E+000
    345000   0.4736333268E+003   0.9530534565E+003   0.0000000000E+000
    346000   0.4729254672E+003   0.9516290888E+003   0.0000000000E+000
    347000   0.4693410471E+003   0.9444164545E+003   0.0000000000E+000
    348000   0.4784214056E+003   0.9626881144E+003   0.0000000000E+000
    349000   0.4742488137E+003   0.9542919503E+003   0.0000000000E+000
    350000   0.4741069340E+003   0.9540064575E+003   0.0000000000E+000
    351000   0.4785286122E+003   0.9629038374E+003   0.0000000000E+000
    352000   0.4741200948E+003   0.9540329399E+003   0.0000000000E+000
    353000   0.4749145571E+003   0.9556315711E+003   0.0000000000E+000
    354000   0.4739370288E+003   0.9536645712E+003   0.0000000000E+000
    355000   0.4704595320E+003   0.9466670899E+003   0.0000000000E+000
    356000   0.4739664011E+003   0.9537236747E+003   0.0000000000E+000
    357000   0.4701044325E+003   0.9459525523E+003   0.0000000000E+000
    358000   0.4745044337E+003   0.9548063135E+003   0.0000000000E+000
    359000   0.4742104236E+003   0.9542147011E+003   0.0000000000E+000
    360000   0.4793694869E+003   0.9645958606E+003   0.0000000000E+000
    361000   0.4837177818E+003   0.9733455774E+003   0.0000000000E+000
    362000   0.4741232559E+003   0.9540393008E+003   0.0000000000E+000
    363000   0.4773807033E+003   0.9605939947E+003   0.0000000000E+000
    364000   0.4724909598E+003   0.9507547652E+003   0.0000000000E+000
    365000   0.4694544971E+003   0.9446447407E+003   0.0000000000E+000
    366000   0.4776340964E+003   0.9611038768E+003   0.0000000000E+000
    367000   0.4774636267E+003   0.9607608545E+003   0.0000000000E+000
    368000   0.4756970482E+003   0.9572061138E+003   0.0000000000E+000
    369000   0.4747085647E+003   0.9552170695E+003   0.0000000000E+000
    370000   0.4789034196E+003   0.9636580317E+003   0.0000000000E+000
    371000   0.4770250095E+003   0.9598782613E+003   0.0000000000E+000
    372000   0.4757047375E+003   0.9572215862E+003   0.0000000000E+000
    373000   0.4767314756E+003   0.9592876072E+003   0.0000000000E+000
    374000   0.4678160875E+003   0.9413479035E+003   0.0000000000E+000
    375000   0.4776123651E+003   0.9610601488E+003   0.0000000000E+000
    376000   0.4772311634E+003   0.9602930879E+003   0.0000000000E+000
    377000   0.4813510515E+003   0.9685832003E+003   0.0000000000E+000
    378000   0.4742000281E+003   0.9541937832E+003   0.0000000000E+000
    379000   0.4738311785E+003   0.9534515773E+003   0.0000000000E+000
    380000   0.4747759483E+003   0.9553526601E+003   0.0000000000E+000
    381000   0.4762226998E+003   0.9582638392E+003   0.0000000000E+000
    382000   0.4748602644E+003   0.9555223224E+003   0.0000000000E+000
    383000   0.4736628979E+003   0.9531129600E+003   0.0000000000E+000
    384000   0.4707722180E+003   0.9472962823E+003   0.0000000000E+000
    385000   0.4744633188E+003   0.9547235814E+003   0.0000000000E+000
    386000   0.4751485504E+003   0.9561024167E+003   0.0000000000E+000
    387000   0.4806885076E+003   0.9672500176E+003   0.0000000000E+000
    388000   0.4745641912E+003   0.9549265586E+003   0.0000000000E+000
    389000   0.4720996986E+003   0.9499674626E+003   0.0000000000E+000
    390000   0.4747117675E+003   0.9552235143E+003   0.0000000000E+000
    391000   0.4770717073E+003   0.9599722273E+003   0.0000000000E+000
    392000   0.4770940581E+003   0.9600172021E+003   0.0000000000E+000
    393000   0.4724636667E+003   0.9506998457E+003   0.0000000000E+000
    394000   0.4721466031E+003   0.9500618446E+003   0.0000000000E+000
    395000   0.4758656367E+003   0.9575453505E+003   0.0000000000E+000
    396000   0.4783351507E+003   0.9625145508E+003   0.0000000000E+000
    397000   0.4752796209E+003   0.9563661591E+003   0.0000000000E+000
    398000   0.4807544235E+003   0.9673826548E+003   0.0000000000E+000
    399000   0.4775334377E+003   0.9609013295E+003   0.0000000000E+000
    400000   0.4815140806E+003   0.9689112505E+003   0.0000000000E+000
    401000   0.4791912264E+003   0.9642371616E+003   0.0000000000E+000
    402000   0.4702799010E+003   0.9463056333E+003   0.0000000000E+000
    403000   0.4766654757E+003   0.9591548008E+003   0.0000000000E+000
    404000   0.4773778514E+003   0.9605882560E+003   0.0000000000E+000
    405000   0.4833792286E+003   0.9726643347E+003   0.0000000000E+000
    406000   0.4788329899E+003   0.9635163118E+003   0.0000000000E+000
    407000   0.4809944984E+003   0.9678657378E+003   0.0000000000E+000
    408000   0.4835253040E+003   0.9729582702E+003   0.0000000000E+000
    409000   0.4758756114E+003   0.9575654219E+003   0.0000000000E+000
    410000   0.4798415653E+003   0.9655457852E+003   0.0000000000E+000
    411000   0.4756403366E+003   0.9570919977E+003   0.0000000000E+000
    412000   0.4781170942E+003   0.9620757736E+003   0.0000000000E+000
    413000   0.4782925658E+003   0.9624288608E+003   0.0000000000E+000
    414000   0.4806564114E+003   0.9671854332E+003   0.0000000000E+000
    415000   0.4768002795E+003   0.9594260555E+003   0.0000000000E+000
    416000   0.4711938154E+003   0.9481446281E+003   0.0000000000E+000
    417000   0.4756843528E+003   0.9571805678E+003   0.0000000000E+000
    418000   0.4823400046E+003   0.9705731896E+003   0.0000000000E+000
    419000   0.4792599964E+003   0.9643755420E+003   0.0000000000E+000
    420000   0.4787279033E+003   0.9633048547E+003   0.0000000000E+000
    421000   0.4790810018E+003   0.9640153657E+003   0.0000000000E+000
    422000   0.4750741078E+003   0.9559526219E+003   0.0000000000E+000
    423000   0.4764564634E+003   0.9587342225E+003   0.0000000000E+000
    424000   0.4759008867E+003   0.9576162812E+003   0.0000000000E+000
    425000   0.4768745617E+003   0.9595755276E+003   0.0000000000E+000
    426000   0.4815461422E+003   0.9689757653E+003   0.0000000000E+000
    427000   0.4785655310E+003   0.9629781262E+003   0.0000000000E+000
    428000   0.4745458810E+003   0.9548897145E+003   0.0000000000E+000
    429000   0.4799431587E+003   0.9657502133E+003   0.0000000000E+000
    430000   0.4796701883E+003   0.9652009373E+003   0.0000000000E+000
    431000   0.4794708205E+003   0.9647997659E+003   0.0000000000E+000
    432000   0.4713520477E+003   0.9484630259E+003   0.0000000000E+000
    433000   0.4780813976E+003   0.9620039442E+003   0.0000000000E+000
    434000   0.4829025356E+003   0.9717051244E+003   0.0000000000E+000
    435000   0.4781784854E+003   0.9621993060E+003   0.0000000000E+000
    436000   0.4811536857E+003   0.9681860573E+003   0.0000000000E+000
    437000   0.4798547046E+003   0.9655722244E+003   0.0000000000E+000
    438000   0.4719175085E+003   0.9496008564E+003   0.0000000000E+000
    439000   0.4761941617E+003   0.9582064145E+003   0.0000000000E+000
    440000   0.4750688026E+003   0.9559419466E+003   0.0000000000E+000
    441000   0.4794863016E+003   0.9648309173E+003   0.0000000000E+000
    442000   0.4758331621E+003   0.9574800047E+003   0.0000000000E+000
    443000   0.4804967083E+003   0.9668640756E+003   0.0000000000E+000
    444000   0.4796393410E+003   0.9651388658E+003   0.0000000000E+000
    445000   0.4749243304E+003   0.9556512372E+003   0.0000000000E+000
    446000   0.4734580498E+003   0.9527007612E+003   0.0000000000E+000
    447000   0.4803366472E+003   0.9665419979E+003   0.0000000000E+000
    448000   0.4787255811E+003   0.9633001819E+003   0.0000000000E+000
    449000   0.4805503044E+003   0.9669719227E+003   0.0000000000E+000
    450000   0.4770490142E+003   0.9599265639E+003   0.0000000000E+000
    451000   0.4726009861E+003   0.9509761622E+003   0.0000000000E+000
    452000   0.4735664446E+003   0.9529188751E+003   0.0000000000E+000
    453000   0.4785332902E+003   0.9629132507E+003   0.0000000000E+000
    454000   0.4778816053E+003   0.9616019186E+003   0.0000000000E+000
    455000   0.4849089377E+003   0.9757424427E+003   0.0000000000E+000
    456000   0.4736168230E+003   0.9530202473E+003   0.0000000000E+000
    457000   0.4831539284E+003   0.9722109815E+003   0.0000000000E+000
    458000   0.4758453901E+003   0.9575046100E+003   0.0000000000E+000
    459000   0.4763785219E+003   0.9585773874E+003   0.0000000000E+000
    460000   0.4782575833E+003   0.9623584683E+003   0.0000000000E+000
    461000   0.4790170743E+003   0.9638867297E+003   0.0000000000E+000
    462000   0.4729939685E+003   0.9517669284E+003   0.0000000000E+000
    463000   0.4798200199E+003   0.9655024311E+003   0.0000000000E+000
    464000   0.4845966960E+003   0.9751141444E+003   0.0000000000E+000
    465000   0.4771052706E+003   0.9600397640E+003   0.0000000000E+000
    466000   0.4756860685E+003   0.9571840201E+003   0.0000000000E+000
    467000   0.4731612904E+003   0.9521036165E+003   0.0000000000E+000
    468000   0.4757096123E+003   0.9572313954E+003   0.0000000000E+000
    469000   0.4752636312E+003   0.9563339843E+003   0.0000000000E+000
    470000   0.4782775386E+003   0.9623986228E+003   0.0000000000E+000
    471000   0.4759692923E+003   0.9577539282E+003   0.0000000000E+000
    472000   0.4781078262E+003   0.9620571244E+003   0.0000000000E+000
    473000   0.4769425236E+003   0.9597122817E+003   0.0000000000E+000
    474000   0.4804412250E+003   0.9667524313E+003   0.0000000000E+000
    475000   0.4744335587E+003   0.9546636975E+003   0.0000000000E+000
    476000   0.4706723216E+003   0.9470952689E+003   0.0000000000E+000
    477000   0.4733895313E+003   0.9525628869E+003   0.0000000000E+000
    478000   0.4745113551E+003   0.9548202409E+003   0.0000000000E+000
    479000   0.4778055399E+003   0.9614488584E+003   0.0000000000E+000
    480000   0.4696809025E+003   0.9451003176E+003   0.0000000000E+000
    481000   0.4751333457E+003   0.9560718214E+003   0.0000000000E+000
    482000   0.4753838141E+003   0.9565758185E+003   0.0000000000E+000
    483000   0.4706397959E+003   0.9470298202E+003   0.0000000000E+000
    484000   0.4783443915E+003   0.9625331454E+003   0.0000000000E+000
    485000   0.4744797531E+003   0.9547566507E+003   0.0000000000E+000
    486000   0.4779224187E+003   0.9616840441E+003   0.0000000000E+000
    487000   0.4717796154E+003   0.9493233854E+003   0.0000000000E+000
    488000   0.4703285979E+003   0.9464036219E+003   0.0000000000E+000
    489000   0.4743678683E+003   0.9545315141E+003   0.0000000000E+000
    490000   0.4768568361E+003   0.9595398597E+003   0.0000000000E+000
    491000   0.4834113919E+003   0.9727290542E+003   0.0000000000E+000
    492000   0.4785319851E+003   0.9629106245E+003   0.0000000000E+000
    493000   0.4805747648E+003   0.9670211424E+003   0.0000000000E+000
    494000   0.4713086012E+003   0.9483756021E+003   0.0000000000E+000
    495000   0.4769844456E+003   0.9597966379E+003   0.0000000000E+000
    496000   0.4790880694E+003   0.9640295873E+003   0.0000000000E+000
    497000   0.4783541989E+003   0.9625528799E+003   0.0000000000E+000
    498000   0.4709757339E+003   0.9477058007E+003   0.0000000000E+000
    499000   0.4717884161E+003   0.9493410943E+003   0.0000000000E+000
    500000   0.4749011699E+003   0.9556046331E+003   0.0000000000E+000
    501000   0.4782328737E+003   0.9623087471E+003   0.0000000000E+000
    502000   0.4735043575E+003   0.9527939423E+003   0.0000000000E+000
    503000   0.4769216977E+003   0.9596703753E+003   0.0000000000E+000
    504000   0.4772560938E+003   0.9603432531E+003   0.0000000000E+000
    505000   0.4725536511E+003   0.9508809138E+003   0.0000000000E+000
    506000   0.4759419421E+003   0.9576988936E+003   0.0000000000E+000
    507000   0.4757677497E+003   0.9573483805E+003   0.0000000000E+000
    508000   0.4722804488E+003   0.9503311712E+003   0.0000000000E+000
    509000   0.4719862412E+003   0.9497391615E+003   0.0000000000E+000
    510000   0.4690678666E+003   0.9438667559E+003   0.0000000000E+000
    511000   0.4727511140E+003   0.9512782523E+003   0.0000000000E+000
    512000   0.4781327764E+003   0.9621073296E+003   0.0000000000E+000
    513000   0.4731251127E+003   0.9520308192E+003   0.0000000000E+000
    514000   0.4752616230E+003   0.9563299434E+003   0.0000000000E+000
    515000   0.4784212946E+003   0.9626878910E+003   0.0000000000E+000
    516000   0.4733162927E+003   0.9524155149E+003   0.0000000000E+000
    517000   0.4738436500E+003   0.9534766727E+003   0.0000000000E+000
    518000   0.4754041169E+003   0.9566166722E+003   0.0000000000E+000
    519000   0.4705808661E+003   0.9469112405E+003   0.0000000000E+000
    520000   0.4748163237E+003   0.9554339041E+003   0.0000000000E+000
    521000   0.4754776696E+003   0.9567646761E+003   0.0000000000E+000
    522000   0.4723561787E+003   0.9504835563E+003   0.0000000000E+000
    523000   0.4724717396E+003   0.9507160902E+003   0.0000000000E+000
    524000   0.4758596737E+003   0.9575333516E+003   0.0000000000E+000
    525000   0.4773659641E+003   0.9605643362E+003   0.0000000000E+000
    526000   0.4773379962E+003   0.9605080588E+003   0.0000000000E+000
    527000   0.4723928999E+003   0.9505574473E+003   0.0000000000E+000
    528000   0.4707512553E+003   0.9472541008E+003   0.0000000000E+000
    529000   0.4760757475E+003   0.9579681393E+003   0.0000000000E+000
    530000   0.4756168544E+003   0.9570447463E+003   0.0000000000E+000
    531000   0.4739040414E+003   0.9535981933E+003   0.0000000000E+000
    532000   0.4746414466E+003   0.9550820133E+003   0.0000000000E+000
    533000   0.4716568535E+003   0.9490763616E+003   0.0000000000E+000
    534000   0.4696421463E+003   0.9450223318E+003   0.0000000000E+000
    535000   0.4756433256E+003   0.9570980121E+003   0.0000000000E+000
    536000   0.4749757883E+003   0.9557547816E+003   0.0000000000E+000
    537000   0.4733343928E+003   0.9524519362E+003   0.0000000000E+000
    538000   0.4770232149E+003   0.9598746501E+003   0.0000000000E+000
    539000   0.4683418499E+003   0.9424058521E+003   0.0000000000E+000
    540000   0.4686053452E+003   0.9429360621E+003   0.0000000000E+000
    541000   0.4687452641E+003   0.9432176095E+003   0.0000000000E+000
    542000   0.4754058085E+003   0.9566200759E+003   0.0000000000E+000
    543000   0.4791436601E+003   0.9641414478E+003   0.0000000000E+000
    544000   0.4764075302E+003   0.9586357584E+003   0.0000000000E+000
    545000   0.4752386651E+003   0.9562837470E+003   0.0000000000E+000
    546000   0.4659430647E+003   0.9375789735E+003   0.0000000000E+000
    547000   0.4788698322E+003   0.9635904465E+003   0.0000000000E+000
    548000   0.4736479327E+003   0.9530828469E+003   0.0000000000E+000
    549000   0.4722464855E+003   0.9502628298E+003   0.0000000000E+000
    550000   0.4717547082E+003   0.9492732666E+003   0.0000000000E+000
    551000   0.4754517589E+003   0.9567125383E+003   0.0000000000E+000
    552000   0.4732966699E+003   0.9523760296E+003   0.0000000000E+000
    553000   0.4790580717E+003   0.9639692254E+003   0.0000000000E+000
    554000   0.4752327908E+003   0.9562719268E+003   0.0000000000E+000
    555000   0.4779168353E+003   0.9616728092E+003   0.0000000000E+000
    556000   0.4722408197E+003   0.9502514288E+003   0.0000000000E+000
    557000   0.4753823858E+003   0.9565729444E+003   0.0000000000E+000
    558000   0.4743384686E+003   0.9544723555E+003   0.0000000000E+000
    559000   0.4768027956E+003   0.9594311184E+003   0.0000000000E+000
    560000   0.4734911374E+003   0.9527673405E+003   0.0000000000E+000
    561000   0.4734396021E+003   0.9526636402E+003   0.0000000000E+000
    562000   0.4702601971E+003   0.9462659847E+003   0.0000000000E+000
    563000   0.4724648905E+003   0.9507023081E+003   0.0000000000E+000
    564000   0.4750449127E+003   0.9558938750E+003   0.0000000000E+000
    565000   0.4748912965E+003   0.9555847657E+003   0.0000000000E+000
    566000   0.4730243927E+003   0.9518281485E+003   0.0000000000E+000
    567000   0.4828167086E+003   0.9715324218E+003   0.0000000000E+000
    568000   0.4783798635E+003   0.9626045227E+003   0.0000000000E+000
    569000   0.4766727434E+003   0.9591694251E+003   0.0000000000E+000
    570000   0.4743085545E+003   0.9544121619E+003   0.0000000000E+000
    571000   0.4701224808E+003   0.9459888694E+003   0.0000000000E+000
    572000   0.4744582733E+003   0.9547134287E+003   0.0000000000E+000
    573000   0.4773111222E+003   0.9604539823E+003   0.0000000000E+000
    574000   0.4804268653E+003   0.9667235364E+003   0.0000000000E+000
    575000   0.4740310311E+003   0.9538537243E+003   0.0000000000E+000
    576000   0.4716518100E+003   0.9490662130E+003   0.0000000000E+000
    577000   0.4761946712E+003   0.9582074397E+003   0.0000000000E+000
    578000   0.4723036783E+003   0.9503779142E+003   0.0000000000E+000
    579000   0.4766235804E+003   0.9590704985E+003   0.0000000000E+000
    580000   0.4666025437E+003   0.9389059891E+003   0.0000000000E+000
    581000   0.4750517323E+003   0.9559075975E+003   0.0000000000E+000
    582000   0.4742240208E+003   0.9542420617E+003   0.0000000000E+000
    583000   0.4751248344E+003   0.9560546948E+003   0.0000000000E+000
    584000   0.4789469336E+003   0.9637455913E+003   0.0000000000E+000
    585000   0.4716961845E+003   0.9491555042E+003   0.0000000000E+000
    586000   0.4752460427E+003   0.9562985924E+003   0.0000000000E+000
    587000   0.4759433455E+003   0.9577017176E+003   0.0000000000E+000
    588000   0.4782739574E+003   0.9623914165E+003   0.0000000000E+000
    589000   0.4792400978E+003   0.9643355016E+003   0.0000000000E+000
    590000   0.4831758199E+003   0.9722550320E+003   0.0000000000E+000
    591000   0.4755120406E+003   0.9568338382E+003   0.0000000000E+000
    592000   0.4752344709E+003   0.9562753075E+003   0.0000000000E+000
    593000   0.4759500555E+003   0.9577152196E+003   0.0000000000E+000
    594000   0.4746526822E+003   0.9551046218E+003   0.0000000000E+000
    595000   0.4731616848E+003   0.9521044101E+003   0.0000000000E+000
    596000   0.4709082648E+003   0.9475700380E+003   0.0000000000E+000
    597000   0.4703377361E+003   0.9464220100E+003   0.0000000000E+000
    598000   0.4684121567E+003   0.9425473247E+003   0.0000000000E+000
    599000   0.4730374060E+003   0.9518543341E+003   0.0000000000E+000
    600000   0.4770517805E+003   0.9599321303E+003   0.0000000000E+000
    601000   0.4683340683E+003   0.9423901938E+003   0.0000000000E+000
    602000   0.4725707081E+003   0.9509152362E+003   0.0000000000E+000
    603000   0.4771146351E+003   0.9600586075E+003   0.0000000000E+000
    604000   0.4730286418E+003   0.9518366985E+003   0.0000000000E+000
    605000   0.4728839283E+003   0.9515455035E+003   0.0000000000E+000
    606000   0.4835112323E+003   0.9729299548E+003   0.0000000000E+000
    607000   0.4730321987E+003   0.9518438559E+003   0.0000000000E+000
    608000   0.4815795330E+003   0.9690429550E+003   0.0000000000E+000
    609000   0.4781621216E+003   0.9621663786E+003   0.0000000000E+000
    610000   0.4741185026E+003   0.9540297360E+003   0.0000000000E+000
    611000   0.4726087358E+003   0.9509917564E+003   0.0000000000E+000
    612000   0.4693339067E+003   0.9444020866E+003   0.0000000000E+000
    613000   0.4744062349E+003   0.9546087162E+003   0.0000000000E+000
    614000   0.4705649495E+003   0.9468792128E+003   0.0000000000E+000
    615000   0.4760979440E+003   0.9580128035E+003   0.0000000000E+000
    616000   0.4742934992E+003   0.9543818673E+003   0.0000000000E+000
    617000   0.4724260867E+003   0.9506242264E+003   0.0000000000E+000
    618000   0.4788852040E+003   0.9636213778E+003   0.0000000000E+000
    619000   0.4793267580E+003   0.9645098809E+003   0.0000000000E+000
    620000   0.4724871894E+003   0.9507471784E+003   0.0000000000E+000
    621000   0.4737446832E+003   0.9532775299E+003   0.0000000000E+000
    622000   0.4767579612E+003   0.9593409019E+003   0.0000000000E+000
    623000   0.4747500568E+003   0.9553005607E+003   0.0000000000E+000
    624000   0.4713081083E+003   0.9483746103E+003   0.0000000000E+000
    625000   0.4784613704E+003   0.9627685324E+003   0.0000000000E+000
    626000   0.4801128223E+003   0.9660916135E+003   0.0000000000E+000
    627000   0.4753300766E+003   0.9564676869E+003   0.0000000000E+000
    628000   0.4778157683E+003   0.9614694402E+003   0.0000000000E+000
    629000   0.4775322939E+003   0.9608990279E+003   0.0000000000E+000
    630000   0.4769353554E+003   0.9596978577E+003   0.0000000000E+000
    631000   0.4787673770E+003   0.9633842843E+003   0.0000000000E+000
    632000   0.4759716905E+003   0.9577587540E+003   0.0000000000E+000
    633000   0.4758766199E+003   0.9575674511E+003   0.0000000000E+000
    634000   0.4788658199E+003   0.9635823728E+003   0.0000000000E+000
    635000   0.4728504855E+003   0.9514782094E+003   0.0000000000E+000
    636000   0.4762114687E+003   0.9582412399E+003   0.0000000000E+000
    637000   0.4713268140E+003   0.9484122503E+003   0.0000000000E+000
    638000   0.4734453567E+003   0.9526752199E+003   0.0000000000E+000
    639000   0.4752503204E+003   0.9563072000E+003   0.0000000000E+000
    640000   0.4719966279E+003   0.9497600618E+003   0.0000000000E+000
    641000   0.4743969388E+003   0.9545900104E+003   0.0000000000E+000
    642000   0.4820131055E+003   0.9699153972E+003   0.0000000000E+000
    643000   0.4761854327E+003   0.9581888498E+003   0.0000000000E+000
    644000   0.4691506624E+003   0.9440333591E+003   0.0000000000E+000
    645000   0.4772649786E+003   0.9603611314E+003   0.0000000000E+000
    646000   0.4691126986E+003   0.9439569675E+003   0.0000000000E+000
    647000   0.4721644927E+003   0.9500978423E+003   0.0000000000E+000
    648000   0.4715517550E+003   0.9488648807E+003   0.0000000000E+000
    649000   0.4814627788E+003   0.9688080201E+003   0.0000000000E+000
    650000   0.4711406299E+003   0.9480376073E+003   0.0000000000E+000
    651000   0.4772597643E+003   0.9603506391E+003   0.0000000000E+000
    652000   0.4695798129E+003   0.9448969034E+003   0.0000000000E+000
    653000   0.4743027567E+003   0.9544004955E+003   0.0000000000E+000
    654000   0.4755614288E+003   0.9569332179E+003   0.0000000000E+000
    655000   0.4744166827E+003   0.9546297394E+003   0.0000000000E+000
    656000   0.4703580926E+003   0.9464629717E+003   0.0000000000E+000
    657000   0.4767410822E+003   0.9593069376E+003   0.0000000000E+000
    658000   0.4740353071E+003   0.9538623286E+003   0.0000000000E+000
    659000   0.4734889974E+003   0.9527630343E+003   0.0000000000E+000
    660000   0.4702522069E+003   0.9462499066E+003   0.0000000000E+000
    661000   0.4769597023E+003   0.9597468490E+003   0.0000000000E+000
    662000   0.4803834992E+003   0.9666362743E+003   0.0000000000E+000
    663000   0.4762766442E+003   0.9583723872E+003   0.0000000000E+000
    664000   0.4776106109E+003   0.9610566189E+003   0.0000000000E+000
    665000   0.4766798236E+003   0.9591836720E+003   0.0000000000E+000
    666000   0.4685053163E+003   0.9427347821E+003   0.0000000000E+000
    667000   0.4736676461E+003   0.9531225146E+003   0.0000000000E+000
    668000   0.4715002141E+003   0.9487611690E+003   0.0000000000E+000
    669000   0.4713819373E+003   0.9485231704E+003   0.0000000000E+000
    670000   0.4731207518E+003   0.9520220440E+003   0.0000000000E+000
    671000   0.4748969310E+003   0.9555961036E+003   0.0000000000E+000
    672000   0.4804804563E+003   0.9668313732E+003   0.0000000000E+000
    673000   0.4827777412E+003   0.9714540109E+003   0.0000000000E+000
    674000   0.4742405028E+003   0.9542752270E+003   0.0000000000E+000
    675000   0.4778002707E+003   0.9614382558E+003   0.0000000000E+000
    676000   0.4784415608E+003   0.9627286710E+003   0.0000000000E+000
    677000   0.4683638947E+003   0.9424502110E+003   0.0000000000E+000
    678000   0.4750510271E+003   0.9559061786E+003   0.0000000000E+000
    679000   0.4761057403E+003   0.9580284913E+003   0.0000000000E+000
    680000   0.4775370165E+003   0.9609085308E+003   0.0000000000E+000
    681000   0.4771427419E+003   0.9601151645E+003   0.0000000000E+000
    682000   0.4699624643E+003   0.9456668814E+003   0.0000000000E+000
    683000   0.4702769944E+003   0.9462997845E+003   0.0000000000E+000
    684000   0.4741010961E+003   0.9539947103E+003   0.0000000000E+000
    685000   0.4707662759E+003   0.9472843255E+003   0.0000000000E+000
    686000   0.4733509618E+003   0.9524852767E+003   0.0000000000E+000
    687000   0.4737355516E+003   0.9532591553E+003   0.0000000000E+000
    688000   0.4654661165E+003   0.9366192499E+003   0.0000000000E+000
    689000   0.4668072142E+003   0.9393178308E+003   0.0000000000E+000
    690000   0.4693425463E+003   0.9444194712E+003   0.0000000000E+000
    691000   0.4677720684E+003   0.9412593275E+003   0.0000000000E+000
    692000   0.4669585797E+003   0.9396224111E+003   0.0000000000E+000
    693000   0.4651339411E+003   0.9359508407E+003   0.0000000000E+000
    694000   0.4716084492E+003   0.9489789617E+003   0.0000000000E+000
    695000   0.4743429266E+003   0.9544813260E+003   0.0000000000E+000
    696000   0.4720743574E+003   0.9499164705E+003   0.0000000000E+000
    697000   0.4738036390E+003   0.9533961619E+003   0.0000000000E+000
    698000   0.4762783538E+003   0.9583758273E+003   0.0000000000E+000
    699000   0.4765783292E+003   0.9589794432E+003   0.0000000000E+000
    700000   0.4754010214E+003   0.9566104433E+003   0.0000000000E+000
    701000   0.4759816271E+003   0.9577787486E+003   0.0000000000E+000
    702000   0.4740910709E+003   0.9539745375E+003   0.0000000000E+000
    703000   0.4744866144E+003   0.9547704573E+003   0.0000000000E+000
    704000   0.4785308865E+003   0.9629084140E+003   0.0000000000E+000
    705000   0.4773970298E+003   0.9606268472E+003   0.0000000000E+000
    706000   0.4778901569E+003   0.9616191263E+003   0.0000000000E+000
    707000   0.4717643456E+003   0.9492926591E+003   0.0000000000E+000
    708000   0.4760854681E+003   0.9579876991E+003   0.0000000000E+000
    709000   0.4735260637E+003   0.9528376198E+003   0.0000000000E+000
    710000   0.4771041895E+003   0.9600375887E+003   0.0000000000E+000
    711000   0.4750627305E+003   0.9559297282E+003   0.0000000000E+000
    712000   0.4730759939E+003   0.9519319814E+003   0.0000000000E+000
    713000   0.4742888806E+003   0.9543725737E+003   0.0000000000E+000
    714000   0.4792080643E+003   0.9642710432E+003   0.0000000000E+000
    715000   0.4741883168E+003   0.9541702175E+003   0.0000000000E+000
    716000   0.4672304123E+003   0.9401693974E+003   0.0000000000E+000
    717000   0.4693051809E+003   0.9443442839E+003   0.0000000000E+000
    718000   0.4705722267E+003   0.9468938562E+003   0.0000000000E+000
    719000   0.4716702893E+003   0.9491033973E+003   0.0000000000E+000
    720000   0.4747799715E+003   0.9553607556E+003   0.0000000000E+000
    721000   0.4713774434E+003   0.9485141276E+003   0.0000000000E+000
    722000   0.4775602333E+003   0.9609552482E+003   0.0000000000E+000
    723000   0.4731945239E+003   0.9521704895E+003   0.0000000000E+000
    724000   0.4803727677E+003   0.9666146803E+003   0.0000000000E+000
    725000   0.4824218889E+003   0.9707379586E+003   0.0000000000E+000
    726000   0.4739951879E+003   0.9537816000E+003   0.0000000000E+000
    727000   0.4759304191E+003   0.9576757069E+003   0.0000000000E+000
    728000   0.4743450711E+003   0.9544856411E+003   0.0000000000E+000
    729000   0.4818144854E+003   0.9695157305E+003   0.0000000000E+000
    730000   0.4794599942E+003   0.9647779811E+003   0.0000000000E+000
    731000   0.4801251417E+003   0.9661164028E+003   0.0000000000E+000
    732000   0.4780779838E+003   0.9619970749E+003   0.0000000000E+000
    733000   0.4777151405E+003   0.9612669551E+003   0.0000000000E+000
    734000   0.4691851408E+003   0.9441027371E+003   0.0000000000E+000
    735000   0.4738530546E+003   0.9534955969E+003   0.0000000000E+000
    736000   0.4794052181E+003   0.9646677595E+003   0.0000000000E+000
    737000   0.4717722349E+003   0.9493085342E+003   0.0000000000E+000
    738000   0.4695083214E+003   0.9447530470E+003   0.0000000000E+000
    739000   0.4748141173E+003   0.9554294644E+003   0.0000000000E+000
    740000   0.4726426397E+003   0.9510599784E+003   0.0000000000E+000
    741000   0.4775379815E+003   0.9609104726E+003   0.0000000000E+000
    742000   0.4791428155E+003   0.9641397483E+003   0.0000000000E+000
    743000   0.4703140401E+003   0.9463743285E+003   0.0000000000E+000
    744000   0.4725085568E+003   0.9507901742E+003   0.0000000000E+000
    745000   0.4798707686E+003   0.9656045487E+003   0.0000000000E+000
    746000   0.4765621246E+003   0.9589468360E+003   0.0000000000E+000
    747000   0.4737186207E+003   0.9532250864E+003   0.0000000000E+000
    748000   0.4757004475E+003   0.9572129540E+003   0.0000000000E+000
    749000   0.4753985145E+003   0.9566053988E+003   0.0000000000E+000
    750000   0.4808068485E+003   0.9674881453E+003   0.0000000000E+000
    751000   0.4707538604E+003   0.9472593428E+003   0.0000000000E+000
    752000   0.4766503714E+003   0.9591244077E+003   0.0000000000E+000
    753000   0.4779566664E+003   0.9617529579E+003   0.0000000000E+000
    754000   0.4739985877E+003   0.9537884412E+003   0.0000000000E+000
    755000   0.4735344672E+003   0.9528545296E+003   0.0000000000E+000
    756000   0.4748143804E+003   0.9554299938E+003   0.0000000000E+000
    757000   0.4805999020E+003   0.9670717240E+003   0.0000000000E+000
    758000   0.4737978407E+003   0.9533844944E+003   0.0000000000E+000
    759000   0.4758170432E+003   0.9574475698E+003   0.0000000000E+000
    760000   0.4754050880E+003   0.9566186262E+003   0.0000000000E+000
    761000   0.4738398778E+003   0.9534690821E+003   0.0000000000E+000
    762000   0.4782165676E+003   0.9622759357E+003   0.0000000000E+000
    763000   0.4755656559E+003   0.9569417238E+003   0.0000000000E+000
    764000   0.4826175520E+003   0.9711316753E+003   0.0000000000E+000
    765000   0.4744919307E+003   0.9547811548E+003   0.0000000000E+000
    766000   0.4746607112E+003   0.9551207779E+003   0.0000000000E+000
    767000   0.4786235358E+003   0.9630948444E+003   0.0000000000E+000
    768000   0.4773928047E+003   0.9606183454E+003   0.0000000000E+000
    769000   0.4774482849E+003   0.9607299835E+003   0.0000000000E+000
    770000   0.4815476435E+003   0.9689787862E+003   0.0000000000E+000
    771000   0.4795069531E+003   0.9648724726E+003   0.0000000000E+000
    772000   0.4710666624E+003   0.9478887686E+003   0.0000000000E+000
    773000   0.4755438161E+003   0.9568977774E+003   0.0000000000E+000
    774000   0.4794099944E+003   0.9646773705E+003   0.0000000000E+000
    775000   0.4786910690E+003   0.9632307360E+003   0.0000000000E+000
    776000   0.4742317525E+003   0.9542576196E+003   0.0000000000E+000
    777000   0.4759749816E+003   0.9577653764E+003   0.0000000000E+000
    778000   0.4766417720E+003   0.9591071040E+003   0.0000000000E+000
    779000   0.4779014749E+003   0.9616419007E+003   0.0000000000E+000
    780000   0.4750016455E+003   0.9558068120E+003   0.0000000000E+000
    781000   0.4680941334E+003   0.9419073925E+003   0.0000000000E+000
    782000   0.4738039706E+003   0.9533968291E+003   0.0000000000E+000
    783000   0.4800592735E+003   0.9659838616E+003   0.0000000000E+000
    784000   0.4749861144E+003   0.9557755601E+003   0.0000000000E+000
    785000   0.4750948271E+003   0.9559943137E+003   0.0000000000E+000
    786000   0.4804096501E+003   0.9666888957E+003   0.0000000000E+000
    787000   0.4744504597E+003   0.9546977060E+003   0.0000000000E+000
    788000   0.4672422372E+003   0.9401931918E+003   0.0000000000E+000
    789000   0.4781781485E+003   0.9621986282E+003   0.0000000000E+000
    790000   0.4735799852E+003   0.9529461218E+003   0.0000000000E+000
    791000   0.4734236647E+003   0.9526315708E+003   0.0000000000E+000
    792000   0.4813578023E+003   0.9685967844E+003   0.0000000000E+000
    793000   0.4759194043E+003   0.9576535427E+003   0.0000000000E+000
    794000   0.4755686296E+003   0.9569477076E+003   0.0000000000E+000
    795000   0.4778879636E+003   0.9616147129E+003   0.0000000000E+000
    796000   0.4804175035E+003   0.9667046983E+003   0.0000000000E+000
    797000   0.4768022833E+003   0.9594300876E+003   0.0000000000E+000
    798000   0.4796255726E+003   0.9651111609E+003   0.0000000000E+000
    799000   0.4801316097E+003   0.9661294178E+003   0.0000000000E+000
    800000   0.4774984091E+003   0.9608308444E+003   0.0000000000E+000
    801000   0.4819118547E+003   0.9697116587E+003   0.0000000000E+000
    802000   0.4785174473E+003   0.9628813712E+003   0.0000000000E+000
    803000   0.4745887852E+003   0.9549760470E+003   0.0000000000E+000
    804000   0.4773395553E+003   0.9605111960E+003   0.0000000000E+000
    805000   0.4752144531E+003   0.9562350273E+003   0.0000000000E+000
    806000   0.4770434797E+003   0.9599154274E+003   0.0000000000E+000
    807000   0.4703994809E+003   0.9465462539E+003   0.0000000000E+000
    808000   0.4662134996E+003   0.9381231475E+003   0.0000000000E+000
    809000   0.4712526053E+003   0.9482629263E+003   0.0000000000E+000
    810000   0.4795728006E+003   0.9650049721E+003   0.0000000000E+000
    811000   0.4744995390E+003   0.9547964642E+003   0.0000000000E+000
    812000   0.4792021312E+003   0.9642591044E+003   0.0000000000E+000
    813000   0.4828637058E+003   0.9716269905E+003   0.0000000000E+000
    814000   0.4796247244E+003   0.9651094540E+003   0.0000000000E+000
    815000   0.4780914477E+003   0.9620241672E+003   0.0000000000E+000
    816000   0.4735937892E+003   0.9529738983E+003   0.0000000000E+000
    817000   0.4799664743E+003   0.9657971293E+003   0.0000000000E+000
    818000   0.4741165480E+003   0.9540258030E+003   0.0000000000E+000
    819000   0.4799972838E+003   0.9658591248E+003   0.0000000000E+000
    820000   0.4751426995E+003   0.9560906433E+003   0.0000000000E+000
    821000   0.4778309144E+003   0.9614999175E+003   0.0000000000E+000
    822000   0.4804792085E+003   0.9668288623E+003   0.0000000000E+000
    823000   0.4811975379E+003   0.9682742977E+003   0.0000000000E+000
    824000   0.4783101742E+003   0.9624642927E+003   0.0000000000E+000
    825000   0.4766816743E+003   0.9591873959E+003   0.0000000000E+000
    826000   0.4758794593E+003   0.9575731646E+003   0.0000000000E+000
    827000   0.4829674511E+003   0.9718357486E+003   0.0000000000E+000
    828000   0.4774845179E+003   0.9608028924E+003   0.0000000000E+000
    829000   0.4747383201E+003   0.9552769440E+003   0.0000000000E+000
    830000   0.4817300203E+003   0.9693457681E+003   0.0000000000E+000
    831000   0.4808447918E+003   0.9675644956E+003   0.0000000000E+000
    832000   0.4735578149E+003   0.9529015103E+003   0.0000000000E+000
    833000   0.4778536966E+003   0.9615457602E+003   0.0000000000E+000
    834000   0.4801224121E+003   0.9661109101E+003   0.0000000000E+000
    835000   0.4723999308E+003   0.9505715951E+003   0.0000000000E+000
    836000   0.4810341697E+003   0.9679455651E+003   0.0000000000E+000
    837000   0.4761285128E+003   0.9580743145E+003   0.0000000000E+000
    838000   0.4824141209E+003   0.9707223277E+003   0.0000000000E+000
    839000   0.4774351788E+003   0.9607036112E+003   0.0000000000E+000
    840000   0.4740154444E+003   0.9538223605E+003   0.0000000000E+000
    841000   0.4767373932E+003   0.9592995146E+003   0.0000000000E+000
    842000   0.4724882145E+003   0.9507492411E+003   0.0000000000E+000
    843000   0.4735196942E+003   0.9528248032E+003   0.0000000000E+000
    844000   0.4808907615E+003   0.9676569966E+003   0.0000000000E+000
    845000   0.4752538232E+003   0.9563142485E+003   0.0000000000E+000
    846000   0.4739376876E+003   0.9536658968E+003   0.0000000000E+000
    847000   0.4805160158E+003   0.9669029266E+003   0.0000000000E+000
    848000   0.4801763543E+003   0.9662194536E+003   0.0000000000E+000
    849000   0.4747762176E+003   0.9553532020E+003   0.0000000000E+000
    850000   0.4692882915E+003   0.9443102989E+003   0.0000000000E+000
    851000   0.4689851707E+003   0.9437003537E+003   0.0000000000E+000
    852000   0.4750717601E+003   0.9559478979E+003   0.0000000000E+000
    853000   0.4747885291E+003   0.9553779754E+003   0.0000000000E+000
    854000   0.4774095343E+003   0.9606520090E+003   0.0000000000E+000
    855000   0.4736780886E+003   0.9531435270E+003   0.0000000000E+000
    856000   0.4835533223E+003   0.9730146490E+003   0.0000000000E+000
    857000   0.4785474564E+003   0.9629417562E+003   0.0000000000E+000
    858000   0.4777139499E+003   0.9612645594E+003   0.0000000000E+000
    859000   0.4756162801E+003   0.9570435907E+003   0.0000000000E+000
    860000   0.4733065417E+003   0.9523958937E+003   0.0000000000E+000
    861000   0.4741104544E+003   0.9540135413E+003   0.0000000000E+000
    862000   0.4747376250E+003   0.9552755452E+003   0.0000000000E+000
    863000   0.4752080155E+003   0.9562220734E+003   0.0000000000E+000
    864000   0.4800254673E+003   0.9659158362E+003   0.0000000000E+000
    865000   0.4774677773E+003   0.9607692066E+003   0.0000000000E+000
    866000   0.4728063593E+003   0.9513894178E+003   0.0000000000E+000
    867000   0.4708866684E+003   0.9475265815E+003   0.0000000000E+000
    868000   0.4768882610E+003   0.9596030934E+003   0.0000000000E+000
    869000   0.4716852110E+003   0.9491334231E+003   0.0000000000E+000
    870000   0.4744322623E+003   0.9546610889E+003   0.0000000000E+000
    871000   0.4757234989E+003   0.9572593383E+003   0.0000000000E+000
    872000   0.4784452144E+003   0.9627360230E+003   0.0000000000E+000
    873000   0.4812172354E+003   0.9683139333E+003   0.0000000000E+000
    874000   0.4760367629E+003   0.9578896937E+003   0.0000000000E+000
    875000   0.4771244387E+003   0.9600783345E+003   0.0000000000E+000
    876000   0.4787766278E+003   0.9634028989E+003   0.0000000000E+000
    877000   0.4715711289E+003   0.9489038652E+003   0.0000000000E+000
    878000   0.4789830094E+003   0.9638181838E+003   0.0000000000E+000
    879000   0.4772823657E+003   0.9603961180E+003   0.0000000000E+000
    880000   0.4758431195E+003   0.9575000410E+003   0.0000000000E+000
    881000   0.4760509665E+003   0.9579182744E+003   0.0000000000E+000
    882000   0.4778900841E+003   0.9616189799E+003   0.0000000000E+000
    883000   0.4724185584E+003   0.9506090778E+003   0.0000000000E+000
    884000   0.4772217722E+003   0.9602741907E+003   0.0000000000E+000
    885000   0.4819073052E+003   0.9697025041E+003   0.0000000000E+000
    886000   0.4755802950E+003   0.9569711808E+003   0.0000000000E+000
    887000   0.4762800841E+003   0.9583793089E+003   0.0000000000E+000
    888000   0.4764427527E+003   0.9587066336E+003   0.0000000000E+000
    889000   0.4789879404E+003   0.9638281060E+003   0.0000000000E+000
    890000   0.4768997653E+003   0.9596262426E+003   0.0000000000E+000
    891000   0.4806541199E+003   0.9671808221E+003   0.0000000000E+000
    892000   0.4780486775E+003   0.9619381043E+003   0.0000000000E+000
    893000   0.4752230448E+003   0.9562523157E+003   0.0000000000E+000
    894000   0.4760743846E+003   0.9579653968E+003   0.0000000000E+000
    895000   0.4810123075E+003   0.9679015737E+003   0.0000000000E+000
    896000   0.4762857522E+003   0.9583907145E+003   0.0000000000E+000
    897000   0.4759364274E+003   0.9576877968E+003   0.0000000000E+000
    898000   0.4779088202E+003   0.9616566810E+003   0.0000000000E+000
    899000   0.4792481878E+003   0.9643517804E+003   0.0000000000E+000
    900000   0.4752442469E+003   0.9562949789E+003   0.0000000000E+000
    901000   0.4802068490E+003   0.9662808156E+003   0.0000000000E+000
    902000   0.4753809144E+003   0.9565699837E+003   0.0000000000E+000
    903000   0.4697011503E+003   0.9451410607E+003   0.0000000000E+000
    904000   0.4781347786E+003   0.9621113585E+003   0.0000000000E+000
    905000   0.4728760603E+003   0.9515296714E+003   0.0000000000E+000
    906000   0.4716579282E+003   0.9490785242E+003   0.0000000000E+000
    907000   0.4764182292E+003   0.9586572871E+003   0.0000000000E+000
    908000   0.4759889591E+003   0.9577935020E+003   0.0000000000E+000
    909000   0.4738819278E+003   0.9535536960E+003   0.0000000000E+000
    910000   0.4765105643E+003   0.9588430854E+003   0.0000000000E+000
    911000   0.4742631469E+003   0.9543207920E+003   0.0000000000E+000
    912000   0.4822115575E+003   0.9703147260E+003   0.0000000000E+000
    913000   0.4791353594E+003   0.9641247451E+003   0.0000000000E+000
    914000   0.4727895938E+003   0.9513556821E+003   0.0000000000E+000
    915000   0.4848174281E+003   0.9755583055E+003   0.0000000000E+000
    916000   0.4766728397E+003   0.9591696188E+003   0.0000000000E+000
    917000   0.4759017828E+003   0.9576180843E+003   0.0000000000E+000
    918000   0.4781457751E+003   0.9621334858E+003   0.0000000000E+000
    919000   0.4819047041E+003   0.9696972701E+003   0.0000000000E+000
    920000   0.4706364729E+003   0.9470231336E+003   0.0000000000E+000
    921000   0.4670190823E+003   0.9397441554E+003   0.0000000000E+000
    922000   0.4701063825E+003   0.9459564761E+003   0.0000000000E+000
    923000   0.4742350782E+003   0.9542643115E+003   0.0000000000E+000
    924000   0.4784351693E+003   0.9627158101E+003   0.0000000000E+000
    925000   0.4744332920E+003   0.9546631609E+003   0.0000000000E+000
    926000   0.4765280928E+003   0.9588783566E+003   0.0000000000E+000
    927000   0.4769492387E+003   0.9597257939E+003   0.0000000000E+000
    928000   0.4742409370E+003   0.9542761008E+003   0.0000000000E+000
    929000   0.4709781459E+003   0.9477106542E+003   0.0000000000E+000
    930000   0.4758612048E+003   0.9575364327E+003   0.0000000000E+000
    931000   0.4763568361E+003   0.9585337507E+003   0.0000000000E+000
    932000   0.4723775824E+003   0.9505266253E+003   0.0000000000E+000
    933000   0.4718073292E+003   0.9493791517E+003   0.0000000000E+000
    934000   0.4691472736E+003   0.9440265401E+003   0.0000000000E+000
    935000   0.4766123787E+003   0.9590479582E+003   0.0000000000E+000
    936000   0.4746271947E+003   0.9550533354E+003   0.0000000000E+000
    937000   0.4748123563E+003   0.9554259209E+003   0.0000000000E+000
    938000   0.4772294500E+003   0.9602896401E+003   0.0000000000E+000
    939000   0.4704790320E+003   0.9467063283E+003   0.0000000000E+000
    940000   0.4768069748E+003   0.9594395279E+003   0.0000000000E+000
    941000   0.4795351907E+003   0.9649292929E+003   0.0000000000E+000
    942000   0.4698375453E+003   0.9454155170E+003   0.0000000000E+000
    943000   0.4714694996E+003   0.9486993647E+003   0.0000000000E+000
    944000   0.4817268939E+003   0.9693394771E+003   0.0000000000E+000
    945000   0.4710103883E+003   0.9477755327E+003   0.0000000000E+000
    946000   0.4812310350E+003   0.9683417009E+003   0.0000000000E+000
    947000   0.4807823212E+003   0.9674387911E+003   0.0000000000E+000
    948000   0.4756240909E+003   0.9570593078E+003   0.0000000000E+000
    949000   0.4773828837E+003   0.9605983820E+003   0.0000000000E+000
    950000   0.4775765642E+003   0.9609881095E+003   0.0000000000E+000
    951000   0.4773098534E+003   0.9604514292E+003   0.0000000000E+000
    952000   0.4779765417E+003   0.9617929514E+003   0.0000000000E+000
    953000   0.4719985003E+003   0.9497638295E+003   0.0000000000E+000
    954000   0.4788743569E+003   0.9635995512E+003   0.0000000000E+000
    955000   0.4782258636E+003   0.9622946414E+003   0.0000000000E+000
    956000   0.4796155383E+003   0.9650909696E+003   0.0000000000E+000
    957000   0.4809189290E+003   0.9677136758E+003   0.0000000000E+000
    958000   0.4747571102E+003   0.9553147537E+003   0.0000000000E+000
    959000   0.4778803036E+003   0.9615992993E+003   0.0000000000E+000
    960000   0.4733259280E+003   0.9524349033E+003   0.0000000000E+000
    961000   0.4731192560E+003   0.9520190341E+003   0.0000000000E+000
    962000   0.4726651882E+003   0.9511053508E+003   0.0000000000E+000
    963000   0.4794912317E+003   0.9648408376E+003   0.0000000000E+000
    964000   0.4716132552E+003   0.9489886324E+003   0.0000000000E+000
    965000   0.4729337836E+003   0.9516458232E+003   0.0000000000E+000
    966000   0.4719755850E+003   0.9497177188E+003   0.0000000000E+000
    967000   0.4743274135E+003   0.9544501103E+003   0.0000000000E+000
    968000   0.4731593035E+003   0.9520996184E+003   0.0000000000E+000
    969000   0.4748448613E+003   0.9554913281E+003   0.0000000000E+000
    970000   0.4732794956E+003   0.9523414711E+003   0.0000000000E+000
    971000   0.4760684519E+003   0.9579534590E+003   0.0000000000E+000
    972000   0.4756621959E+003   0.9571359834E+003   0.0000000000E+000
    973000   0.4729713836E+003   0.9517214826E+003   0.0000000000E+000
    974000   0.4773257831E+003   0.9604834832E+003   0.0000000000E+000
    975000   0.4802428179E+003   0.9663531928E+003   0.0000000000E+000
    976000   0.4781939614E+003   0.9622304472E+003   0.0000000000E+000
    977000   0.4741782200E+003   0.9541499005E+003   0.0000000000E+000
    978000   0.4746769463E+003   0.9551534465E+003   0.0000000000E+000
    979000   0.4738934656E+003   0.9535769125E+003   0.0000000000E+000
    980000   0.4770679655E+003   0.9599646980E+003   0.0000000000E+000
    981000   0.4731155398E+003   0.9520115564E+003   0.0000000000E+000
    982000   0.4776677181E+003   0.9611715311E+003   0.0000000000E+000
    983000   0.4820656927E+003   0.9700212142E+003   0.0000000000E+000
    984000   0.4704328975E+003   0.9466134955E+003   0.0000000000E+000
    985000   0.4763668251E+003   0.9585538509E+003   0.0000000000E+000
    986000   0.4731305520E+003   0.9520417643E+003   0.0000000000E+000
    987000   0.4742241771E+003   0.9542423761E+003   0.0000000000E+000
    988000   0.4756961039E+003   0.9572042137E+003   0.0000000000E+000
    989000   0.4734383707E+003   0.9526611625E+003   0.0000000000E+000
    990000   0.4748694643E+003   0.9555408345E+003   0.0000000000E+000
    991000   0.4762212336E+003   0.9582608889E+003   0.0000000000E+000
    992000   0.4792738940E+003   0.9644035070E+003   0.0000000000E+000
    993000   0.4745259502E+003   0.9548496094E+003   0.0000000000E+000
    994000   0.4794838174E+003   0.9648259185E+003   0.0000000000E+000
    995000   0.4738386343E+003   0.9534665801E+003   0.0000000000E+000
    996000   0.4784549600E+003   0.9627556332E+003   0.0000000000E+000
    997000   0.4752694121E+003   0.9563456166E+003   0.0000000000E+000
    998000   0.4753716769E+003   0.9565513958E+003   0.0000000000E+000
    999000   0.4800800166E+003   0.9660256012E+003   0.0000000000E+000
   1000000   0.4730906052E+003   0.9519613825E+003   0.0000000000E+000
