# Lambda, Enthalpy/Volume
 0.0000000  -0.4735831810E+002
 0.0101010  -0.4742222900E+002
 0.0202020  -0.4738649495E+002
 0.0303030  -0.4738030844E+002
 0.0404040  -0.4738441254E+002
 0.0505051  -0.4740406517E+002
 0.0606061  -0.4739487587E+002
 0.0707071  -0.4734377076E+002
 0.0808081  -0.4736608711E+002
 0.0909091  -0.4738801233E+002
 0.1010101  -0.4738628410E+002
 0.1111111  -0.4735716525E+002
 0.1212121  -0.4737216787E+002
 0.1313131  -0.4739312777E+002
 0.1414141  -0.4735325315E+002
 0.1515152  -0.4739099855E+002
 0.1616162  -0.4733705064E+002
 0.1717172  -0.4732587794E+002
 0.1818182  -0.4735116497E+002
 0.1919192  -0.4738926277E+002
 0.2020202  -0.4735881940E+002
 0.2121212  -0.4733656006E+002
 0.2222222  -0.4737354339E+002
 0.2323232  -0.4738788406E+002
 0.2424242  -0.4735823243E+002
 0.2525253  -0.4736942238E+002
 0.2626263  -0.4735192155E+002
 0.2727273  -0.4735883677E+002
 0.2828283  -0.4740565195E+002
 0.2929293  -0.4738621290E+002
 0.3030303  -0.4739452487E+002
 0.3131313  -0.4739727737E+002
 0.3232323  -0.4741361705E+002
 0.3333333  -0.4739432543E+002
 0.3434343  -0.4739862375E+002
 0.3535354  -0.4741258682E+002
 0.3636364  -0.4740478284E+002
 0.3737374  -0.4739972313E+002
 0.3838384  -0.4740992164E+002
 0.3939394  -0.4737303652E+002
 0.4040404  -0.4741131609E+002
 0.4141414  -0.4738964209E+002
 0.4242424  -0.4738885148E+002
 0.4343434  -0.4740255916E+002
 0.4444444  -0.4737378928E+002
 0.4545455  -0.4739463115E+002
 0.4646465  -0.4739823494E+002
 0.4747475  -0.4742254064E+002
 0.4848485  -0.4741451287E+002
 0.4949495  -0.4740158975E+002
 0.5050505  -0.4740715015E+002
 0.5151515  -0.4741207296E+002
 0.5252525  -0.4741800590E+002
 0.5353535  -0.4741478174E+002
 0.5454545  -0.4740613668E+002
 0.5555556  -0.4742275578E+002
 0.5656566  -0.4744619143E+002
 0.5757576  -0.4743673739E+002
 0.5858586  -0.4744769789E+002
 0.5959596  -0.4744163306E+002
 0.6060606  -0.4745058266E+002
 0.6161616  -0.4743702375E+002
 0.6262626  -0.4743897875E+002
 0.6363636  -0.4743093797E+002
 0.6464646  -0.4744817370E+002
 0.6565657  -0.4744939490E+002
 0.6666667  -0.4743903615E+002
 0.6767677  -0.4742303161E+002
 0.6868687  -0.4743916642E+002
 0.6969697  -0.4745845231E+002
 0.7070707  -0.4745637610E+002
 0.7171717  -0.4743460248E+002
 0.7272727  -0.4743590520E+002
 0.7373737  -0.4745427903E+002
 0.7474747  -0.4743735076E+002
 0.7575758  -0.4744253064E+002
 0.7676768  -0.4744300368E+002
 0.7777778  -0.4743643696E+002
 0.7878788  -0.4744901454E+002
 0.7979798  -0.4742985926E+002
 0.8080808  -0.4743658528E+002
 0.8181818  -0.4746578488E+002
 0.8282828  -0.4743846923E+002
 0.8383838  -0.4743928323E+002
 0.8484848  -0.4741437977E+002
 0.8585859  -0.4744626523E+002
 0.8686869  -0.4744326310E+002
 0.8787879  -0.4744145301E+002
 0.8888889  -0.4745151538E+002
 0.8989899  -0.4742889356E+002
 0.9090909  -0.4743658626E+002
 0.9191919  -0.4742832165E+002
 0.9292929  -0.4741900173E+002
 0.9393939  -0.4742907421E+002
 0.9494949  -0.4746998508E+002
 0.9595960  -0.4740260033E+002
 0.9696970  -0.4740840295E+002
 0.9797980  -0.4740323405E+002
 0.9898990  -0.4740935114E+002
 1.0000000  -0.4739605189E+002


 0.0000000  -0.4728936015E+002
 0.0101010  -0.4732873206E+002
 0.0202020  -0.4731233910E+002
 0.0303030  -0.4729478573E+002
 0.0404040  -0.4729755301E+002
 0.0505051  -0.4730376506E+002
 0.0606061  -0.4728851436E+002
 0.0707071  -0.4727060540E+002
 0.0808081  -0.4728201220E+002
 0.0909091  -0.4730159717E+002
 0.1010101  -0.4729484510E+002
 0.1111111  -0.4727141038E+002
 0.1212121  -0.4729141132E+002
 0.1313131  -0.4731208989E+002
 0.1414141  -0.4728681550E+002
 0.1515152  -0.4729888534E+002
 0.1616162  -0.4726022373E+002
 0.1717172  -0.4726805701E+002
 0.1818182  -0.4726483128E+002
 0.1919192  -0.4730321035E+002
 0.2020202  -0.4727695450E+002
 0.2121212  -0.4728069990E+002
 0.2222222  -0.4728606243E+002
 0.2323232  -0.4731504088E+002
 0.2424242  -0.4728668689E+002
 0.2525253  -0.4729346025E+002
 0.2626263  -0.4727776490E+002
 0.2727273  -0.4728355030E+002
 0.2828283  -0.4732142519E+002
 0.2929293  -0.4732261556E+002
 0.3030303  -0.4730915870E+002
 0.3131313  -0.4732679805E+002
 0.3232323  -0.4732137963E+002
 0.3333333  -0.4731367238E+002
 0.3434343  -0.4732559432E+002
 0.3535354  -0.4734263358E+002
 0.3636364  -0.4733462992E+002
 0.3737374  -0.4733043805E+002
 0.3838384  -0.4734150955E+002
 0.3939394  -0.4733334608E+002
 0.4040404  -0.4735376912E+002
 0.4141414  -0.4733895009E+002
 0.4242424  -0.4734067579E+002
 0.4343434  -0.4735320157E+002
 0.4444444  -0.4735163851E+002
 0.4545455  -0.4736957837E+002
 0.4646465  -0.4735940882E+002
 0.4747475  -0.4738284380E+002
 0.4848485  -0.4736165230E+002
 0.4949495  -0.4737190899E+002
 0.5050505  -0.4737566147E+002
 0.5151515  -0.4738261068E+002
 0.5252525  -0.4738469345E+002
 0.5353535  -0.4739009754E+002
 0.5454545  -0.4738647112E+002
 0.5555556  -0.4740197480E+002
 0.5656566  -0.4741042166E+002
 0.5757576  -0.4740853775E+002
 0.5858586  -0.4741914235E+002
 0.5959596  -0.4741656514E+002
 0.6060606  -0.4742200114E+002
 0.6161616  -0.4740982675E+002
 0.6262626  -0.4741630386E+002
 0.6363636  -0.4741039912E+002
 0.6464646  -0.4740405830E+002
 0.6565657  -0.4740808965E+002
 0.6666667  -0.4741434392E+002
 0.6767677  -0.4739338501E+002
 0.6868687  -0.4740883364E+002
 0.6969697  -0.4742397851E+002
 0.7070707  -0.4741866117E+002
 0.7171717  -0.4740825498E+002
 0.7272727  -0.4740821229E+002
 0.7373737  -0.4741965186E+002
 0.7474747  -0.4740358084E+002
 0.7575758  -0.4740620377E+002
 0.7676768  -0.4740777781E+002
 0.7777778  -0.4740649999E+002
 0.7878788  -0.4740802527E+002
 0.7979798  -0.4740302235E+002
 0.8080808  -0.4741374187E+002
 0.8181818  -0.4741270359E+002
 0.8282828  -0.4740715935E+002
 0.8383838  -0.4740005020E+002
 0.8484848  -0.4738498382E+002
 0.8585859  -0.4740256184E+002
 0.8686869  -0.4740795329E+002
 0.8787879  -0.4739874536E+002
 0.8888889  -0.4741101117E+002
 0.8989899  -0.4739199618E+002
 0.9090909  -0.4740086665E+002
 0.9191919  -0.4739498833E+002
 0.9292929  -0.4739540457E+002
 0.9393939  -0.4740182697E+002
 0.9494949  -0.4741006756E+002
 0.9595960  -0.4738829973E+002
 0.9696970  -0.4738139887E+002
 0.9797980  -0.4740543557E+002
 0.9898990  -0.4738992918E+002
 1.0000000  -0.4738681222E+002


 0.0000000  -0.4729563485E+002
 0.0101010  -0.4733032618E+002
 0.0202020  -0.4731572196E+002
 0.0303030  -0.4729458214E+002
 0.0404040  -0.4729980221E+002
 0.0505051  -0.4730399229E+002
 0.0606061  -0.4729344299E+002
 0.0707071  -0.4728388672E+002
 0.0808081  -0.4728050738E+002
 0.0909091  -0.4729864557E+002
 0.1010101  -0.4729982280E+002
 0.1111111  -0.4727817495E+002
 0.1212121  -0.4729574657E+002
 0.1313131  -0.4731059977E+002
 0.1414141  -0.4728460428E+002
 0.1515152  -0.4729192241E+002
 0.1616162  -0.4726804720E+002
 0.1717172  -0.4726820997E+002
 0.1818182  -0.4725345410E+002
 0.1919192  -0.4730157603E+002
 0.2020202  -0.4727554512E+002
 0.2121212  -0.4727299444E+002
 0.2222222  -0.4727207979E+002
 0.2323232  -0.4729801581E+002
 0.2424242  -0.4727566337E+002
 0.2525253  -0.4726630636E+002
 0.2626263  -0.4726247740E+002
 0.2727273  -0.4728099218E+002
 0.2828283  -0.4729909064E+002
 0.2929293  -0.4730076145E+002
 0.3030303  -0.4729656553E+002
 0.3131313  -0.4730886329E+002
 0.3232323  -0.4729786716E+002
 0.3333333  -0.4729323357E+002
 0.3434343  -0.4730675259E+002
 0.3535354  -0.4732906857E+002
 0.3636364  -0.4731844810E+002
 0.3737374  -0.4732120666E+002
 0.3838384  -0.4733127772E+002
 0.3939394  -0.4732384239E+002
 0.4040404  -0.4733260456E+002
 0.4141414  -0.4733075821E+002
 0.4242424  -0.4733336668E+002
 0.4343434  -0.4734319995E+002
 0.4444444  -0.4734227583E+002
 0.4545455  -0.4735504851E+002
 0.4646465  -0.4734970273E+002
 0.4747475  -0.4737428662E+002
 0.4848485  -0.4736152180E+002
 0.4949495  -0.4737134917E+002
 0.5050505  -0.4737768623E+002
 0.5151515  -0.4738786503E+002
 0.5252525  -0.4737856782E+002
 0.5353535  -0.4738787656E+002
 0.5454545  -0.4738750701E+002
 0.5555556  -0.4739545562E+002
 0.5656566  -0.4741083611E+002
 0.5757576  -0.4740909649E+002
 0.5858586  -0.4741598191E+002
 0.5959596  -0.4742279169E+002
 0.6060606  -0.4742322108E+002
 0.6161616  -0.4741104902E+002
 0.6262626  -0.4741101902E+002
 0.6363636  -0.4741125756E+002
 0.6464646  -0.4740784517E+002
 0.6565657  -0.4741385122E+002
 0.6666667  -0.4741256991E+002
 0.6767677  -0.4739681783E+002
 0.6868687  -0.4741533724E+002
 0.6969697  -0.4741684648E+002
 0.7070707  -0.4741415872E+002
 0.7171717  -0.4741273827E+002
 0.7272727  -0.4741267198E+002
 0.7373737  -0.4741540439E+002
 0.7474747  -0.4740582628E+002
 0.7575758  -0.4740619919E+002
 0.7676768  -0.4740901902E+002
 0.7777778  -0.4741031102E+002
 0.7878788  -0.4741229498E+002
 0.7979798  -0.4740811706E+002
 0.8080808  -0.4741247212E+002
 0.8181818  -0.4740702389E+002
 0.8282828  -0.4741417076E+002
 0.8383838  -0.4740907611E+002
 0.8484848  -0.4739941521E+002
 0.8585859  -0.4741307105E+002
 0.8686869  -0.4740647908E+002
 0.8787879  -0.4741055175E+002
 0.8888889  -0.4741010907E+002
 0.8989899  -0.4740158125E+002
 0.9090909  -0.4740683187E+002
 0.9191919  -0.4740254543E+002
 0.9292929  -0.4739956595E+002
 0.9393939  -0.4741575328E+002
 0.9494949  -0.4741345830E+002
 0.9595960  -0.4741175711E+002
 0.9696970  -0.4740081481E+002
 0.9797980  -0.4742314283E+002
 0.9898990  -0.4741438760E+002
 1.0000000  -0.4740167523E+002


 0.0000000  -0.4720052096E+002
 0.0101010  -0.4722251262E+002
 0.0202020  -0.4722331406E+002
 0.0303030  -0.4720594456E+002
 0.0404040  -0.4720807708E+002
 0.0505051  -0.4721411733E+002
 0.0606061  -0.4720150433E+002
 0.0707071  -0.4719490357E+002
 0.0808081  -0.4719363810E+002
 0.0909091  -0.4721263484E+002
 0.1010101  -0.4720927045E+002
 0.1111111  -0.4720339838E+002
 0.1212121  -0.4721085874E+002
 0.1313131  -0.4721316775E+002
 0.1414141  -0.4719157685E+002
 0.1515152  -0.4720299919E+002
 0.1616162  -0.4718530775E+002
 0.1717172  -0.4718937242E+002
 0.1818182  -0.4717020303E+002
 0.1919192  -0.4720645539E+002
 0.2020202  -0.4719396854E+002
 0.2121212  -0.4717339861E+002
 0.2222222  -0.4718558118E+002
 0.2323232  -0.4720220726E+002
 0.2424242  -0.4718336668E+002
 0.2525253  -0.4717607612E+002
 0.2626263  -0.4717751908E+002
 0.2727273  -0.4719318315E+002
 0.2828283  -0.4720654902E+002
 0.2929293  -0.4721250456E+002
 0.3030303  -0.4720740672E+002
 0.3131313  -0.4721569073E+002
 0.3232323  -0.4722092712E+002
 0.3333333  -0.4721046863E+002
 0.3434343  -0.4722290407E+002
 0.3535354  -0.4724912868E+002
 0.3636364  -0.4723768481E+002
 0.3737374  -0.4724087551E+002
 0.3838384  -0.4725203382E+002
 0.3939394  -0.4723625115E+002
 0.4040404  -0.4725255224E+002
 0.4141414  -0.4724251469E+002
 0.4242424  -0.4724784257E+002
 0.4343434  -0.4726372159E+002
 0.4444444  -0.4725413495E+002
 0.4545455  -0.4726341482E+002
 0.4646465  -0.4726356190E+002
 0.4747475  -0.4728386177E+002
 0.4848485  -0.4726899111E+002
 0.4949495  -0.4727948321E+002
 0.5050505  -0.4728946142E+002
 0.5151515  -0.4728756676E+002
 0.5252525  -0.4728265346E+002
 0.5353535  -0.4728758056E+002
 0.5454545  -0.4728828516E+002
 0.5555556  -0.4729549291E+002
 0.5656566  -0.4731053490E+002
 0.5757576  -0.4730978233E+002
 0.5858586  -0.4731398216E+002
 0.5959596  -0.4731457426E+002
 0.6060606  -0.4731216752E+002
 0.6161616  -0.4730318242E+002
 0.6262626  -0.4730386942E+002
 0.6363636  -0.4730968449E+002
 0.6464646  -0.4730506236E+002
 0.6565657  -0.4730736875E+002
 0.6666667  -0.4730199305E+002
 0.6767677  -0.4730017086E+002
 0.6868687  -0.4730331660E+002
 0.6969697  -0.4730383597E+002
 0.7070707  -0.4730361602E+002
 0.7171717  -0.4730196679E+002
 0.7272727  -0.4729543214E+002
 0.7373737  -0.4730173264E+002
 0.7474747  -0.4729346992E+002
 0.7575758  -0.4729095287E+002
 0.7676768  -0.4729689328E+002
 0.7777778  -0.4730013711E+002
 0.7878788  -0.4729367357E+002
 0.7979798  -0.4729340014E+002
 0.8080808  -0.4729633281E+002
 0.8181818  -0.4728481911E+002
 0.8282828  -0.4729619935E+002
 0.8383838  -0.4729050840E+002
 0.8484848  -0.4728475996E+002
 0.8585859  -0.4728932193E+002
 0.8686869  -0.4728008977E+002
 0.8787879  -0.4728700841E+002
 0.8888889  -0.4728130135E+002
 0.8989899  -0.4728016692E+002
 0.9090909  -0.4728477177E+002
 0.9191919  -0.4726870554E+002
 0.9292929  -0.4727979292E+002
 0.9393939  -0.4728334024E+002
 0.9494949  -0.4728591302E+002
 0.9595960  -0.4729400803E+002
 0.9696970  -0.4727560994E+002
 0.9797980  -0.4729063120E+002
 0.9898990  -0.4728661892E+002
 1.0000000  -0.4726592075E+002


 0.0000000  -0.4721931009E+002
 0.0101010  -0.4723182485E+002
 0.0202020  -0.4723008100E+002
 0.0303030  -0.4723166778E+002
 0.0404040  -0.4722435814E+002
 0.0505051  -0.4722944038E+002
 0.0606061  -0.4722453289E+002
 0.0707071  -0.4720689423E+002
 0.0808081  -0.4721572586E+002
 0.0909091  -0.4723747053E+002
 0.1010101  -0.4722706226E+002
 0.1111111  -0.4721704707E+002
 0.1212121  -0.4722619606E+002
 0.1313131  -0.4723156454E+002
 0.1414141  -0.4721690978E+002
 0.1515152  -0.4721930513E+002
 0.1616162  -0.4720303182E+002
 0.1717172  -0.4720904808E+002
 0.1818182  -0.4719530092E+002
 0.1919192  -0.4723157204E+002
 0.2020202  -0.4721439595E+002
 0.2121212  -0.4719824073E+002
 0.2222222  -0.4721073595E+002
 0.2323232  -0.4722176769E+002
 0.2424242  -0.4721361097E+002
 0.2525253  -0.4719996525E+002
 0.2626263  -0.4720565240E+002
 0.2727273  -0.4722045635E+002
 0.2828283  -0.4723281166E+002
 0.2929293  -0.4724251144E+002
 0.3030303  -0.4723340316E+002
 0.3131313  -0.4724735247E+002
 0.3232323  -0.4725028948E+002
 0.3333333  -0.4724392937E+002
 0.3434343  -0.4725505455E+002
 0.3535354  -0.4728050609E+002
 0.3636364  -0.4727042293E+002
 0.3737374  -0.4727637991E+002
 0.3838384  -0.4728602005E+002
 0.3939394  -0.4727691890E+002
 0.4040404  -0.4728422206E+002
 0.4141414  -0.4728194087E+002
 0.4242424  -0.4728933502E+002
 0.4343434  -0.4729592696E+002
 0.4444444  -0.4729008322E+002
 0.4545455  -0.4729504723E+002
 0.4646465  -0.4730156891E+002
 0.4747475  -0.4731682211E+002
 0.4848485  -0.4730527311E+002
 0.4949495  -0.4730862695E+002
 0.5050505  -0.4732035642E+002
 0.5151515  -0.4732286971E+002
 0.5252525  -0.4731536184E+002
 0.5353535  -0.4732112919E+002
 0.5454545  -0.4732665785E+002
 0.5555556  -0.4733488334E+002
 0.5656566  -0.4734397642E+002
 0.5757576  -0.4734202864E+002
 0.5858586  -0.4734943806E+002
 0.5959596  -0.4734553195E+002
 0.6060606  -0.4734475296E+002
 0.6161616  -0.4733890339E+002
 0.6262626  -0.4733796220E+002
 0.6363636  -0.4734349452E+002
 0.6464646  -0.4733965620E+002
 0.6565657  -0.4733775256E+002
 0.6666667  -0.4733558184E+002
 0.6767677  -0.4733042374E+002
 0.6868687  -0.4733716063E+002
 0.6969697  -0.4733203203E+002
 0.7070707  -0.4733868223E+002
 0.7171717  -0.4733529685E+002
 0.7272727  -0.4732475430E+002
 0.7373737  -0.4733186262E+002
 0.7474747  -0.4732434123E+002
 0.7575758  -0.4732451574E+002
 0.7676768  -0.4732895519E+002
 0.7777778  -0.4732906905E+002
 0.7878788  -0.4732778280E+002
 0.7979798  -0.4732326960E+002
 0.8080808  -0.4732659586E+002
 0.8181818  -0.4731895581E+002
 0.8282828  -0.4732525154E+002
 0.8383838  -0.4732074779E+002
 0.8484848  -0.4731709219E+002
 0.8585859  -0.4731874846E+002
 0.8686869  -0.4731178219E+002
 0.8787879  -0.4731731942E+002
 0.8888889  -0.4731457114E+002
 0.8989899  -0.4731657764E+002
 0.9090909  -0.4731931478E+002
 0.9191919  -0.4730809022E+002
 0.9292929  -0.4731215922E+002
 0.9393939  -0.4731810074E+002
 0.9494949  -0.4731855165E+002
 0.9595960  -0.4733022835E+002
 0.9696970  -0.4731392290E+002
 0.9797980  -0.4732548453E+002
 0.9898990  -0.4732138207E+002
 1.0000000  -0.4730821270E+002


 0.0000000  -0.4725545556E+002
 0.0101010  -0.4727225057E+002
 0.0202020  -0.4726923283E+002
 0.0303030  -0.4727850656E+002
 0.0404040  -0.4726558421E+002
 0.0505051  -0.4725926529E+002
 0.0606061  -0.4726193551E+002
 0.0707071  -0.4724828809E+002
 0.0808081  -0.4725915013E+002
 0.0909091  -0.4727839432E+002
 0.1010101  -0.4726567644E+002
 0.1111111  -0.4725816140E+002
 0.1212121  -0.4725585724E+002
 0.1313131  -0.4726075486E+002
 0.1414141  -0.4726147075E+002
 0.1515152  -0.4725724787E+002
 0.1616162  -0.4724014880E+002
 0.1717172  -0.4724834629E+002
 0.1818182  -0.4723701891E+002
 0.1919192  -0.4726466294E+002
 0.2020202  -0.4724226522E+002
 0.2121212  -0.4723612982E+002
 0.2222222  -0.4724451619E+002
 0.2323232  -0.4725379070E+002
 0.2424242  -0.4724498073E+002
 0.2525253  -0.4723683526E+002
 0.2626263  -0.4724887822E+002
 0.2727273  -0.4725665186E+002
 0.2828283  -0.4726970654E+002
 0.2929293  -0.4727578976E+002
 0.3030303  -0.4726893155E+002
 0.3131313  -0.4728107912E+002
 0.3232323  -0.4728730406E+002
 0.3333333  -0.4727485132E+002
 0.3434343  -0.4729342801E+002
 0.3535354  -0.4731518978E+002
 0.3636364  -0.4730992929E+002
 0.3737374  -0.4731924531E+002
 0.3838384  -0.4732662308E+002
 0.3939394  -0.4731750000E+002
 0.4040404  -0.4732574576E+002
 0.4141414  -0.4732102859E+002
 0.4242424  -0.4733402809E+002
 0.4343434  -0.4733788614E+002
 0.4444444  -0.4733784514E+002
 0.4545455  -0.4734219228E+002
 0.4646465  -0.4735109950E+002
 0.4747475  -0.4735855325E+002
 0.4848485  -0.4736221668E+002
 0.4949495  -0.4735951560E+002
 0.5050505  -0.4737346379E+002
 0.5151515  -0.4737030843E+002
 0.5252525  -0.4736912733E+002
 0.5353535  -0.4737485821E+002
 0.5454545  -0.4738044960E+002
 0.5555556  -0.4738819891E+002
 0.5656566  -0.4739396120E+002
 0.5757576  -0.4739004818E+002
 0.5858586  -0.4740119468E+002
 0.5959596  -0.4739814138E+002
 0.6060606  -0.4739825600E+002
 0.6161616  -0.4739640427E+002
 0.6262626  -0.4739591208E+002
 0.6363636  -0.4740108509E+002
 0.6464646  -0.4739440548E+002
 0.6565657  -0.4739758197E+002
 0.6666667  -0.4738960997E+002
 0.6767677  -0.4738749782E+002
 0.6868687  -0.4739245352E+002
 0.6969697  -0.4738729374E+002
 0.7070707  -0.4739355596E+002
 0.7171717  -0.4738901369E+002
 0.7272727  -0.4738220964E+002
 0.7373737  -0.4738597932E+002
 0.7474747  -0.4738010004E+002
 0.7575758  -0.4737920513E+002
 0.7676768  -0.4738292543E+002
 0.7777778  -0.4738299963E+002
 0.7878788  -0.4738046846E+002
 0.7979798  -0.4737338094E+002
 0.8080808  -0.4737959235E+002
 0.8181818  -0.4736694845E+002
 0.8282828  -0.4737039785E+002
 0.8383838  -0.4736646060E+002
 0.8484848  -0.4736452151E+002
 0.8585859  -0.4736444151E+002
 0.8686869  -0.4735529121E+002
 0.8787879  -0.4735660642E+002
 0.8888889  -0.4735884587E+002
 0.8989899  -0.4735739462E+002
 0.9090909  -0.4735716322E+002
 0.9191919  -0.4734719087E+002
 0.9292929  -0.4735113149E+002
 0.9393939  -0.4735440864E+002
 0.9494949  -0.4734838824E+002
 0.9595960  -0.4735505216E+002
 0.9696970  -0.4734359831E+002
 0.9797980  -0.4734651119E+002
 0.9898990  -0.4734467402E+002
 1.0000000  -0.4733162070E+002


 0.0000000  -0.4728941941E+002
 0.0101010  -0.4730038031E+002
 0.0202020  -0.4730549132E+002
 0.0303030  -0.4730622083E+002
 0.0404040  -0.4730036021E+002
 0.0505051  -0.4729489267E+002
 0.0606061  -0.4729175117E+002
 0.0707071  -0.4728485895E+002
 0.0808081  -0.4729543499E+002
 0.0909091  -0.4730998560E+002
 0.1010101  -0.4729724476E+002
 0.1111111  -0.4728514126E+002
 0.1212121  -0.4729151417E+002
 0.1313131  -0.4729571976E+002
 0.1414141  -0.4730242550E+002
 0.1515152  -0.4729423162E+002
 0.1616162  -0.4727569633E+002
 0.1717172  -0.4728467646E+002
 0.1818182  -0.4727629208E+002
 0.1919192  -0.4729770195E+002
 0.2020202  -0.4727642311E+002
 0.2121212  -0.4727738642E+002
 0.2222222  -0.4728186834E+002
 0.2323232  -0.4729576820E+002
 0.2424242  -0.4728888369E+002
 0.2525253  -0.4728504526E+002
 0.2626263  -0.4730167244E+002
 0.2727273  -0.4730220671E+002
 0.2828283  -0.4731945103E+002
 0.2929293  -0.4731909390E+002
 0.3030303  -0.4731227469E+002
 0.3131313  -0.4733203307E+002
 0.3232323  -0.4733818624E+002
 0.3333333  -0.4732372665E+002
 0.3434343  -0.4734482136E+002
 0.3535354  -0.4736578583E+002
 0.3636364  -0.4736004562E+002
 0.3737374  -0.4736487068E+002
 0.3838384  -0.4737587422E+002
 0.3939394  -0.4736697297E+002
 0.4040404  -0.4737224013E+002
 0.4141414  -0.4736866600E+002
 0.4242424  -0.4737773466E+002
 0.4343434  -0.4738432550E+002
 0.4444444  -0.4738344786E+002
 0.4545455  -0.4738981816E+002
 0.4646465  -0.4739380180E+002
 0.4747475  -0.4740005997E+002
 0.4848485  -0.4740366767E+002
 0.4949495  -0.4740511902E+002
 0.5050505  -0.4741046471E+002
 0.5151515  -0.4741007614E+002
 0.5252525  -0.4741193908E+002
 0.5353535  -0.4741534756E+002
 0.5454545  -0.4741968474E+002
 0.5555556  -0.4742968741E+002
 0.5656566  -0.4743224860E+002
 0.5757576  -0.4742772559E+002
 0.5858586  -0.4743808456E+002
 0.5959596  -0.4743659365E+002
 0.6060606  -0.4743513779E+002
 0.6161616  -0.4743498533E+002
 0.6262626  -0.4743432934E+002
 0.6363636  -0.4743623193E+002
 0.6464646  -0.4742951830E+002
 0.6565657  -0.4743358006E+002
 0.6666667  -0.4742725528E+002
 0.6767677  -0.4742499847E+002
 0.6868687  -0.4742551949E+002
 0.6969697  -0.4741980362E+002
 0.7070707  -0.4742874232E+002
 0.7171717  -0.4742467868E+002
 0.7272727  -0.4741779316E+002
 0.7373737  -0.4742035596E+002
 0.7474747  -0.4741511014E+002
 0.7575758  -0.4741503212E+002
 0.7676768  -0.4741864017E+002
 0.7777778  -0.4741706203E+002
 0.7878788  -0.4741344957E+002
 0.7979798  -0.4741095344E+002
 0.8080808  -0.4741311677E+002
 0.8181818  -0.4740069171E+002
 0.8282828  -0.4740821872E+002
 0.8383838  -0.4740137684E+002
 0.8484848  -0.4739789134E+002
 0.8585859  -0.4739922824E+002
 0.8686869  -0.4738917118E+002
 0.8787879  -0.4739228987E+002
 0.8888889  -0.4739443373E+002
 0.8989899  -0.4739330253E+002
 0.9090909  -0.4739356374E+002
 0.9191919  -0.4738301040E+002
 0.9292929  -0.4738638551E+002
 0.9393939  -0.4739196152E+002
 0.9494949  -0.4738502647E+002
 0.9595960  -0.4739121265E+002
 0.9696970  -0.4738396207E+002
 0.9797980  -0.4738161403E+002
 0.9898990  -0.4738201600E+002
 1.0000000  -0.4737438648E+002


 0.0000000  -0.4737611544E+002
 0.0101010  -0.4737842259E+002
 0.0202020  -0.4737501960E+002
 0.0303030  -0.4738798889E+002
 0.0404040  -0.4737268419E+002
 0.0505051  -0.4737167772E+002
 0.0606061  -0.4737069376E+002
 0.0707071  -0.4735939576E+002
 0.0808081  -0.4736814520E+002
 0.0909091  -0.4739142998E+002
 0.1010101  -0.4737169361E+002
 0.1111111  -0.4736107821E+002
 0.1212121  -0.4736740959E+002
 0.1313131  -0.4736807660E+002
 0.1414141  -0.4736962070E+002
 0.1515152  -0.4736682691E+002
 0.1616162  -0.4735328433E+002
 0.1717172  -0.4735951072E+002
 0.1818182  -0.4735173438E+002
 0.1919192  -0.4736679919E+002
 0.2020202  -0.4735209164E+002
 0.2121212  -0.4734697602E+002
 0.2222222  -0.4735443032E+002
 0.2323232  -0.4736689685E+002
 0.2424242  -0.4735777201E+002
 0.2525253  -0.4735764750E+002
 0.2626263  -0.4736995247E+002
 0.2727273  -0.4736655471E+002
 0.2828283  -0.4737951027E+002
 0.2929293  -0.4738398810E+002
 0.3030303  -0.4737934271E+002
 0.3131313  -0.4739606734E+002
 0.3232323  -0.4740322264E+002
 0.3333333  -0.4738638596E+002
 0.3434343  -0.4741494588E+002
 0.3535354  -0.4743323924E+002
 0.3636364  -0.4742886001E+002
 0.3737374  -0.4743051505E+002
 0.3838384  -0.4744646455E+002
 0.3939394  -0.4744290874E+002
 0.4040404  -0.4744628518E+002
 0.4141414  -0.4743779932E+002
 0.4242424  -0.4745339628E+002
 0.4343434  -0.4745620964E+002
 0.4444444  -0.4745489469E+002
 0.4545455  -0.4746162471E+002
 0.4646465  -0.4746678497E+002
 0.4747475  -0.4747428171E+002
 0.4848485  -0.4747916511E+002
 0.4949495  -0.4747755812E+002
 0.5050505  -0.4748841847E+002
 0.5151515  -0.4748437513E+002
 0.5252525  -0.4748645580E+002
 0.5353535  -0.4748992173E+002
 0.5454545  -0.4749634923E+002
 0.5555556  -0.4750499355E+002
 0.5656566  -0.4750590042E+002
 0.5757576  -0.4750166867E+002
 0.5858586  -0.4751187945E+002
 0.5959596  -0.4750966751E+002
 0.6060606  -0.4751320099E+002
 0.6161616  -0.4751294175E+002
 0.6262626  -0.4751267795E+002
 0.6363636  -0.4751576208E+002
 0.6464646  -0.4750942248E+002
 0.6565657  -0.4751039562E+002
 0.6666667  -0.4750792923E+002
 0.6767677  -0.4750223833E+002
 0.6868687  -0.4750652697E+002
 0.6969697  -0.4750260469E+002
 0.7070707  -0.4750965513E+002
 0.7171717  -0.4750571089E+002
 0.7272727  -0.4750029974E+002
 0.7373737  -0.4750217363E+002
 0.7474747  -0.4749820983E+002
 0.7575758  -0.4749740016E+002
 0.7676768  -0.4749878112E+002
 0.7777778  -0.4749991597E+002
 0.7878788  -0.4749571024E+002
 0.7979798  -0.4749045204E+002
 0.8080808  -0.4749635248E+002
 0.8181818  -0.4748275933E+002
 0.8282828  -0.4749096613E+002
 0.8383838  -0.4748552661E+002
 0.8484848  -0.4748099737E+002
 0.8585859  -0.4748422371E+002
 0.8686869  -0.4747700225E+002
 0.8787879  -0.4747464338E+002
 0.8888889  -0.4748183972E+002
 0.8989899  -0.4748015185E+002
 0.9090909  -0.4747837915E+002
 0.9191919  -0.4747071812E+002
 0.9292929  -0.4747203134E+002
 0.9393939  -0.4747866315E+002
 0.9494949  -0.4746940539E+002
 0.9595960  -0.4747179274E+002
 0.9696970  -0.4746859206E+002
 0.9797980  -0.4746937972E+002
 0.9898990  -0.4746588123E+002
 1.0000000  -0.4746287561E+002


 0.0000000  -0.4740012123E+002
 0.0101010  -0.4740140095E+002
 0.0202020  -0.4739989735E+002
 0.0303030  -0.4741025134E+002
 0.0404040  -0.4739796677E+002
 0.0505051  -0.4739132888E+002
 0.0606061  -0.4739647465E+002
 0.0707071  -0.4738251301E+002
 0.0808081  -0.4739401749E+002
 0.0909091  -0.4741059302E+002
 0.1010101  -0.4739456947E+002
 0.1111111  -0.4738408844E+002
 0.1212121  -0.4739106795E+002
 0.1313131  -0.4739137087E+002
 0.1414141  -0.4738946864E+002
 0.1515152  -0.4738878646E+002
 0.1616162  -0.4737636136E+002
 0.1717172  -0.4737968118E+002
 0.1818182  -0.4737348364E+002
 0.1919192  -0.4738638300E+002
 0.2020202  -0.4737686107E+002
 0.2121212  -0.4737235506E+002
 0.2222222  -0.4737856058E+002
 0.2323232  -0.4739136047E+002
 0.2424242  -0.4738154415E+002
 0.2525253  -0.4738673341E+002
 0.2626263  -0.4739661054E+002
 0.2727273  -0.4739272472E+002
 0.2828283  -0.4740871782E+002
 0.2929293  -0.4740748601E+002
 0.3030303  -0.4740568103E+002
 0.3131313  -0.4742272212E+002
 0.3232323  -0.4742898371E+002
 0.3333333  -0.4741906958E+002
 0.3434343  -0.4744169894E+002
 0.3535354  -0.4746175566E+002
 0.3636364  -0.4745805879E+002
 0.3737374  -0.4745950579E+002
 0.3838384  -0.4746937326E+002
 0.3939394  -0.4747278285E+002
 0.4040404  -0.4747329193E+002
 0.4141414  -0.4746624576E+002
 0.4242424  -0.4748222868E+002
 0.4343434  -0.4748486649E+002
 0.4444444  -0.4748284689E+002
 0.4545455  -0.4749530750E+002
 0.4646465  -0.4749869807E+002
 0.4747475  -0.4750326451E+002
 0.4848485  -0.4750891113E+002
 0.4949495  -0.4750979728E+002
 0.5050505  -0.4751722266E+002
 0.5151515  -0.4751885655E+002
 0.5252525  -0.4751962871E+002
 0.5353535  -0.4752233716E+002
 0.5454545  -0.4752818046E+002
 0.5555556  -0.4753890251E+002
 0.5656566  -0.4753556753E+002
 0.5757576  -0.4753238359E+002
 0.5858586  -0.4754023191E+002
 0.5959596  -0.4754131948E+002
 0.6060606  -0.4754228681E+002
 0.6161616  -0.4754641114E+002
 0.6262626  -0.4754692283E+002
 0.6363636  -0.4754682478E+002
 0.6464646  -0.4753967459E+002
 0.6565657  -0.4754452394E+002
 0.6666667  -0.4753853662E+002
 0.6767677  -0.4753481838E+002
 0.6868687  -0.4753791277E+002
 0.6969697  -0.4753642741E+002
 0.7070707  -0.4754261952E+002
 0.7171717  -0.4753913633E+002
 0.7272727  -0.4753329800E+002
 0.7373737  -0.4753350033E+002
 0.7474747  -0.4753127257E+002
 0.7575758  -0.4753008133E+002
 0.7676768  -0.4753292581E+002
 0.7777778  -0.4753453162E+002
 0.7878788  -0.4752748133E+002
 0.7979798  -0.4752466504E+002
 0.8080808  -0.4752825699E+002
 0.8181818  -0.4751684529E+002
 0.8282828  -0.4752528460E+002
 0.8383838  -0.4751988975E+002
 0.8484848  -0.4751578427E+002
 0.8585859  -0.4751720326E+002
 0.8686869  -0.4751201639E+002
 0.8787879  -0.4750963365E+002
 0.8888889  -0.4751446630E+002
 0.8989899  -0.4751148794E+002
 0.9090909  -0.4751114115E+002
 0.9191919  -0.4750720025E+002
 0.9292929  -0.4750684624E+002
 0.9393939  -0.4751112055E+002
 0.9494949  -0.4750170735E+002
 0.9595960  -0.4750504242E+002
 0.9696970  -0.4750174056E+002
 0.9797980  -0.4750202581E+002
 0.9898990  -0.4749732796E+002
 1.0000000  -0.4749451947E+002


 0.0000000  -0.4736154055E+002
 0.0101010  -0.4736047570E+002
 0.0202020  -0.4736503615E+002
 0.0303030  -0.4737421305E+002
 0.0404040  -0.4735538877E+002
 0.0505051  -0.4735169979E+002
 0.0606061  -0.4735857885E+002
 0.0707071  -0.4734336228E+002
 0.0808081  -0.4735587627E+002
 0.0909091  -0.4736859529E+002
 0.1010101  -0.4735570649E+002
 0.1111111  -0.4734634930E+002
 0.1212121  -0.4735416972E+002
 0.1313131  -0.4735320046E+002
 0.1414141  -0.4735174827E+002
 0.1515152  -0.4735367050E+002
 0.1616162  -0.4733619787E+002
 0.1717172  -0.4733927174E+002
 0.1818182  -0.4733642666E+002
 0.1919192  -0.4735265890E+002
 0.2020202  -0.4734183916E+002
 0.2121212  -0.4734009856E+002
 0.2222222  -0.4734366293E+002
 0.2323232  -0.4735949807E+002
 0.2424242  -0.4735150608E+002
 0.2525253  -0.4736002648E+002
 0.2626263  -0.4737075716E+002
 0.2727273  -0.4737136204E+002
 0.2828283  -0.4738555630E+002
 0.2929293  -0.4738431626E+002
 0.3030303  -0.4738619084E+002
 0.3131313  -0.4740079214E+002
 0.3232323  -0.4740746219E+002
 0.3333333  -0.4740217285E+002
 0.3434343  -0.4742368228E+002
 0.3535354  -0.4743881066E+002
 0.3636364  -0.4743865751E+002
 0.3737374  -0.4744013221E+002
 0.3838384  -0.4745011925E+002
 0.3939394  -0.4745371339E+002
 0.4040404  -0.4745767260E+002
 0.4141414  -0.4744724000E+002
 0.4242424  -0.4746439569E+002
 0.4343434  -0.4746877096E+002
 0.4444444  -0.4746714667E+002
 0.4545455  -0.4747866853E+002
 0.4646465  -0.4748116921E+002
 0.4747475  -0.4748789179E+002
 0.4848485  -0.4749362752E+002
 0.4949495  -0.4749524932E+002
 0.5050505  -0.4750201449E+002
 0.5151515  -0.4750290433E+002
 0.5252525  -0.4750622425E+002
 0.5353535  -0.4751015011E+002
 0.5454545  -0.4751579251E+002
 0.5555556  -0.4752433589E+002
 0.5656566  -0.4752195513E+002
 0.5757576  -0.4752013208E+002
 0.5858586  -0.4752971628E+002
 0.5959596  -0.4753144200E+002
 0.6060606  -0.4753674007E+002
 0.6161616  -0.4753603448E+002
 0.6262626  -0.4753895265E+002
 0.6363636  -0.4753774537E+002
 0.6464646  -0.4753253219E+002
 0.6565657  -0.4753457165E+002
 0.6666667  -0.4753282953E+002
 0.6767677  -0.4752729559E+002
 0.6868687  -0.4753124202E+002
 0.6969697  -0.4752869250E+002
 0.7070707  -0.4753486102E+002
 0.7171717  -0.4753255854E+002
 0.7272727  -0.4752693787E+002
 0.7373737  -0.4752785188E+002
 0.7474747  -0.4752503153E+002
 0.7575758  -0.4752452315E+002
 0.7676768  -0.4752811407E+002
 0.7777778  -0.4752741048E+002
 0.7878788  -0.4752159345E+002
 0.7979798  -0.4752194184E+002
 0.8080808  -0.4752396229E+002
 0.8181818  -0.4751449174E+002
 0.8282828  -0.4752314177E+002
 0.8383838  -0.4751622287E+002
 0.8484848  -0.4751458049E+002
 0.8585859  -0.4751530412E+002
 0.8686869  -0.4751074214E+002
 0.8787879  -0.4750964753E+002
 0.8888889  -0.4751254652E+002
 0.8989899  -0.4750966369E+002
 0.9090909  -0.4751023076E+002
 0.9191919  -0.4750785164E+002
 0.9292929  -0.4750787534E+002
 0.9393939  -0.4751266496E+002
 0.9494949  -0.4750467976E+002
 0.9595960  -0.4750579050E+002
 0.9696970  -0.4750421911E+002
 0.9797980  -0.4750660600E+002
 0.9898990  -0.4750217617E+002
 1.0000000  -0.4749799387E+002


